0.000000000000000000e+00
3.851294117647058868e-01
7.702588235294117736e-01
1.155388235294117605e+00
1.668894117647058861e+00
2.310776470588235210e+00
3.081035294117647094e+00
3.979670588235293849e+00
5.006682352941175473e+00
6.162070588235294188e+00
7.445835294117646441e+00
8.857976470588234008e+00
1.039849411764705778e+01
1.193901176470588332e+01
1.360790588235294152e+01
1.540517647058823592e+01
1.733082352941176296e+01
1.938484705882352799e+01
2.143887058823529301e+01
2.349289411764705804e+01
2.567529411764705571e+01
2.798607058823529314e+01
3.055360000000000298e+01
3.350625882352940721e+01
3.645891764705882565e+01
3.941157647058822988e+01
4.236423529411764122e+01
4.531689411764705255e+01
4.826955294117646389e+01
5.122221176470586812e+01
5.340461176470588356e+01
5.558701176470588479e+01
5.776941176470588601e+01
5.995181176470588724e+01
6.213421176470588847e+01
6.431661176470589680e+01
6.714089411764707904e+01
7.009355294117648327e+01
7.291783529411766551e+01
7.535698823529413914e+01
7.753938823529414037e+01
7.946503529411766920e+01
8.126230588235296182e+01
8.280282352941178203e+01
8.395821176470589364e+01
8.485684705882354706e+01
8.549872941176471386e+01
8.601223529411765867e+01
8.639736470588235306e+01
8.665411764705883968e+01
8.678249411764707588e+01
8.678249411764707588e+01
8.678249411764707588e+01
8.678249411764707588e+01
8.678249411764707588e+01
8.678249411764707588e+01
8.678249411764707588e+01
8.678249411764707588e+01
8.678249411764707588e+01
8.678249411764707588e+01
8.678249411764707588e+01
8.678249411764707588e+01
8.678249411764707588e+01
8.678249411764707588e+01
8.678249411764707588e+01
8.678249411764707588e+01
8.691087058823531208e+01
8.691087058823531208e+01
8.691087058823531208e+01
8.691087058823531208e+01
8.691087058823531208e+01
8.678249411764707588e+01
8.678249411764707588e+01
8.678249411764707588e+01
8.678249411764707588e+01
8.678249411764707588e+01
8.678249411764707588e+01
8.678249411764707588e+01
8.665411764705883968e+01
8.665411764705883968e+01
8.665411764705883968e+01
8.665411764705883968e+01
8.665411764705883968e+01
8.665411764705883968e+01
8.665411764705883968e+01
8.665411764705883968e+01
8.665411764705883968e+01
8.665411764705883968e+01
8.665411764705883968e+01
8.665411764705883968e+01
8.665411764705883968e+01
8.665411764705883968e+01
8.665411764705883968e+01
8.678249411764707588e+01
8.678249411764707588e+01
8.691087058823531208e+01
8.703924705882354829e+01
8.716762352941178449e+01
8.729600000000003490e+01
8.742437647058827110e+01
8.742437647058827110e+01
8.742437647058827110e+01
8.755275294117650731e+01
8.755275294117650731e+01
8.755275294117650731e+01
8.755275294117650731e+01
8.755275294117650731e+01
8.755275294117650731e+01
8.755275294117650731e+01
8.742437647058827110e+01
8.729600000000003490e+01
8.716762352941178449e+01
8.703924705882354829e+01
8.691087058823531208e+01
8.665411764705883968e+01
8.626898823529414528e+01
8.575548235294120047e+01
8.524197647058826988e+01
8.447171764705883845e+01
8.357308235294119925e+01
8.241769411764707343e+01
8.113392941176472561e+01
7.959341176470590540e+01
7.792451764705883477e+01
7.599887058823530595e+01
7.381647058823530472e+01
7.150569411764706729e+01
6.880978823529412125e+01
6.585712941176471702e+01
6.290447058823529147e+01
5.995181176470588014e+01
5.699915294117646170e+01
5.404649411764705036e+01
5.109383529411764613e+01
4.814117647058822769e+01
4.518851764705882346e+01
4.223585882352941212e+01
3.928320000000000078e+01
3.633054117647058945e+01
3.337788235294117811e+01
3.042522352941176678e+01
2.747256470588235899e+01
2.451990588235294766e+01
2.156724705882353632e+01
1.861458823529412854e+01
1.604705882352942226e+01
1.386465882352942103e+01
1.206738823529412485e+01
1.065524705882353729e+01
9.499858823529420349e+00
8.472847058823537836e+00
7.702588235294125951e+00
7.060705882352948493e+00
6.418823529411771922e+00
5.648564705882359149e+00
4.878305882352947265e+00
4.108047058823535380e+00
3.337788235294123940e+00
2.695905882352947369e+00
2.054023529411771243e+00
1.540517647058829764e+00
1.155388235294124044e+00
7.702588235294182128e-01
5.135058823529476957e-01
3.851294117647123261e-01
2.567529411764770675e-01
6.460501696722768533e-15
-2.567529411764641334e-01
-3.851294117646993920e-01
-5.135058823529347061e-01
-8.986352941176406484e-01
-1.283764705882346480e+00
-1.412141176470582016e+00
-1.540517647058817108e+00
-1.925647058823522828e+00
-2.054023529411758364e+00
-2.695905882352934935e+00
-3.337788235294111949e+00
-3.979670588235288520e+00
-4.749929411764700404e+00
-5.520188235294112289e+00
-5.776941176470583805e+00
-5.905317647058819119e+00
-6.033694117647054433e+00
-5.905317647058819119e+00
-5.648564705882347603e+00
-5.391811764705876975e+00
-5.135058823529406347e+00
-4.878305882352935718e+00
-4.749929411764700404e+00
-4.878305882352935718e+00
-4.749929411764700404e+00
-5.006682352941171033e+00
-5.263435294117641661e+00
-5.006682352941171033e+00
-4.749929411764700404e+00
-4.621552941176465090e+00
-4.493176470588229776e+00
-4.621552941176465090e+00
-4.749929411764700404e+00
-4.878305882352935718e+00
-5.006682352941171033e+00
-5.135058823529406347e+00
-5.263435294117641661e+00
-5.391811764705876975e+00
-5.520188235294112289e+00
-5.520188235294112289e+00
-5.648564705882347603e+00
-5.648564705882347603e+00
-5.776941176470583805e+00
-5.776941176470583805e+00
-5.776941176470583805e+00
-5.776941176470583805e+00
-5.648564705882347603e+00
-5.520188235294112289e+00
-5.391811764705876975e+00
-5.263435294117641661e+00
-5.135058823529406347e+00
-4.878305882352935718e+00
-4.749929411764700404e+00
-4.621552941176465090e+00
-4.493176470588229776e+00
-4.236423529411759148e+00
-4.108047058823523834e+00
-3.851294117647053206e+00
-3.466164705882346819e+00
-3.081035294117640877e+00
-2.695905882352934935e+00
-2.310776470588228992e+00
-1.925647058823522828e+00
-1.540517647058817108e+00
-1.283764705882346702e+00
-1.027011764705875851e+00
-7.702588235294054453e-01
-5.135058823529348171e-01
-2.567529411764641889e-01
1.283764705882416424e-01
5.135058823529474736e-01
1.027011764705888730e+00
1.540517647058829764e+00
2.182400000000006113e+00
2.824282352941183127e+00
3.466164705882359698e+00
4.108047058823536268e+00
4.749929411764713727e+00
5.391811764705889409e+00
6.033694117647066868e+00
6.675576470588243438e+00
7.317458823529420009e+00
7.959341176470595691e+00
8.472847058823537836e+00
8.857976470588242890e+00
9.243105882352947944e+00
9.756611764705889200e+00
1.027011764705883046e+01
1.078362352941177171e+01
1.129712941176471475e+01
1.181063529411765423e+01
1.232414117647059548e+01
1.270927058823530054e+01
1.309440000000000559e+01
1.347952941176471064e+01
1.386465882352941748e+01
1.437816470588235873e+01
1.424978823529412431e+01
1.412141176470588988e+01
1.399303529411765545e+01
1.386465882352942103e+01
1.360790588235295040e+01
1.412141176470588988e+01
1.476329411764706911e+01
1.540517647058824480e+01
1.604705882352942226e+01
1.681731764705883236e+01
1.758757647058824247e+01
1.835783529411765258e+01
1.925647058823529889e+01
2.015510588235294875e+01
2.118211764705883127e+01
2.220912941176471023e+01
2.336451764705882894e+01
2.451990588235294766e+01
2.567529411764706637e+01
2.631717647058824028e+01
2.695905882352941774e+01
2.721581176470588659e+01
2.785769411764706405e+01
2.849957647058823795e+01
2.914145882352941541e+01
2.978334117647059287e+01
3.004009411764706172e+01
3.029684705882353057e+01
3.055360000000000298e+01
3.081035294117647183e+01
3.106710588235294068e+01
3.145223529411764574e+01
3.183736470588235079e+01
3.235087058823528849e+01
3.286437647058822620e+01
3.337788235294116390e+01
3.389138823529410161e+01
3.453327058823528262e+01
3.517515294117645652e+01
3.594541176470587374e+01
3.697242352941174914e+01
3.812781176470587496e+01
3.953995294117646608e+01
4.108047058823528630e+01
4.236423529411764122e+01
4.390475294117646143e+01
4.557364705882351075e+01
4.724254117647056717e+01
4.865468235294116539e+01
5.006682352941174940e+01
5.147896470588234052e+01
5.301948235294116074e+01
5.468837647058822427e+01
5.635727058823528068e+01
5.802616470588234421e+01
5.969505882352940773e+01
6.149232941176470035e+01
6.328959999999998587e+01
6.521524705882352180e+01
6.726927058823527261e+01
6.945167058823528805e+01
7.189082352941174747e+01
7.432997647058822110e+01
7.689750588235293094e+01
7.959341176470586277e+01
8.241769411764704500e+01
8.524197647058821303e+01
8.729599999999997806e+01
8.870814117647057628e+01
9.166080000000000894e+01
9.461345882352941317e+01
9.756611764705883161e+01
1.003904000000000138e+02
1.032146823529411819e+02
1.060389647058823499e+02
1.068092235294117813e+02
1.077078588235294347e+02
1.079646117647059071e+02
1.082213647058823796e+02
1.100186352941176722e+02
1.118159058823529506e+02
1.132280470588235488e+02
1.142550588235294242e+02
1.150253176470588272e+02
1.156672000000000224e+02
1.161807058823529815e+02
1.165658352941177043e+02
1.169509647058823987e+02
1.172077176470588853e+02
1.174644705882353577e+02
1.175928470588235939e+02
1.177212235294118301e+02
1.177212235294118301e+02
1.177212235294118301e+02
1.177212235294118301e+02
1.175928470588235939e+02
1.174644705882353577e+02
1.173360941176471215e+02
1.172077176470588853e+02
1.170793411764706349e+02
1.169509647058823987e+02
1.166942117647059263e+02
1.165658352941177043e+02
1.163090823529412177e+02
1.160523294117647453e+02
1.157955764705882729e+02
1.155388235294117862e+02
1.152820705882353138e+02
1.150253176470588272e+02
1.147685647058823690e+02
1.146401882352941328e+02
1.145118117647058966e+02
1.142550588235294100e+02
1.141266823529411738e+02
1.139983058823529376e+02
1.138699294117647014e+02
1.137415529411764652e+02
1.137415529411764652e+02
1.137415529411764652e+02
1.136131764705882148e+02
1.136131764705882148e+02
1.136131764705882148e+02
1.136131764705882148e+02
1.134847999999999786e+02
1.133564235294117424e+02
1.130996705882352842e+02
1.129712941176470338e+02
1.128429176470587976e+02
1.127145411764705614e+02
1.133564235294117282e+02
1.141266823529411596e+02
1.150253176470587988e+02
1.148969411764705484e+02
1.147685647058823122e+02
1.138699294117646730e+02
1.137415529411764226e+02
1.133564235294117282e+02
1.130996705882352416e+02
1.129712941176470054e+02
1.128429176470587691e+02
1.128429176470587691e+02
1.128429176470587691e+02
1.128429176470587691e+02
1.128429176470587691e+02
1.128429176470587691e+02
1.128429176470587691e+02
1.128429176470587691e+02
1.128429176470587691e+02
1.128429176470587691e+02
1.127145411764705472e+02
1.127145411764705472e+02
1.127145411764705472e+02
1.127145411764705472e+02
1.127145411764705472e+02
1.127145411764705472e+02
1.127145411764705472e+02
1.127145411764705472e+02
1.125861647058823110e+02
1.125861647058823110e+02
1.124577882352940605e+02
1.124577882352940605e+02
1.124577882352940605e+02
1.124577882352940605e+02
1.124577882352940605e+02
1.125861647058823110e+02
1.127145411764705472e+02
1.128429176470587691e+02
1.129712941176470054e+02
1.130996705882352416e+02
1.132280470588234778e+02
1.133564235294117282e+02
1.134847999999999644e+02
1.136131764705882006e+02
1.137415529411764368e+02
1.138699294117646730e+02
1.138699294117646730e+02
1.141266823529411596e+02
1.143834352941176178e+02
1.146401882352940902e+02
1.148969411764705768e+02
1.154104470588235358e+02
1.157955764705882444e+02
1.163090823529411892e+02
1.169509647058823845e+02
1.175928470588235797e+02
1.184914823529412189e+02
1.195184941176470943e+02
1.206738823529411917e+02
1.220860235294117899e+02
1.237549176470588606e+02
1.255521882352941532e+02
1.274778352941176820e+02
1.296602352941176832e+02
1.320993882352941569e+02
1.347952941176471029e+02
1.376195764705882709e+02
1.405722352941176894e+02
1.435248941176471078e+02
1.460924235294118034e+02
1.487883294117647495e+02
1.514842352941176955e+02
1.543085176470588635e+02
1.572611764705882820e+02
1.602138352941177004e+02
1.631664941176471189e+02
1.661191529411765373e+02
1.690718117647059557e+02
1.720244705882353742e+02
1.749771294117647642e+02
1.779297882352942111e+02
1.808824470588236295e+02
1.838351058823530479e+02
1.865310117647059656e+02
1.890985411764706896e+02
1.915376941176471348e+02
1.937200941176471360e+02
1.956457411764706933e+02
1.973146352941177497e+02
1.988551529411765841e+02
2.001389176470589177e+02
2.011659294117648074e+02
2.019361882352941961e+02
2.025780705882354198e+02
2.030915764705883362e+02
2.034767058823530590e+02
2.037334588235295030e+02
2.039902117647060322e+02
2.041185882352942542e+02
2.042469647058824762e+02
2.043753411764707266e+02
2.043753411764707266e+02
2.042469647058824762e+02
2.042469647058824762e+02
2.042469647058824762e+02
2.042469647058824762e+02
2.042469647058824762e+02
2.042469647058824762e+02
2.042469647058824762e+02
2.042469647058824762e+02
2.042469647058824762e+02
2.043753411764707266e+02
2.043753411764707266e+02
2.043753411764707266e+02
2.043753411764707266e+02
2.043753411764707266e+02
2.043753411764707266e+02
2.043753411764707266e+02
2.043753411764707266e+02
2.043753411764707266e+02
2.043753411764707266e+02
2.043753411764707266e+02
2.043753411764707266e+02
2.043753411764707266e+02
2.043753411764707266e+02
2.043753411764707266e+02
2.043753411764707266e+02
2.043753411764707266e+02
2.043753411764707266e+02
2.042469647058824762e+02
2.042469647058824762e+02
2.042469647058824762e+02
2.043753411764707266e+02
2.043753411764707266e+02
2.045037176470589486e+02
2.045037176470589486e+02
2.045037176470589486e+02
2.045037176470589486e+02
2.045037176470589486e+02
2.045037176470589486e+02
2.043753411764707266e+02
2.041185882352942542e+02
2.037334588235295030e+02
2.030915764705883362e+02
2.023213176470589474e+02
2.014226823529413082e+02
2.002672941176471966e+02
1.989835294117648345e+02
1.974430117647060001e+02
1.956457411764707217e+02
1.937200941176471645e+02
1.917944470588236072e+02
1.898688000000001068e+02
1.879431529411765496e+02
1.860175058823529923e+02
1.842202352941177139e+02
1.821662117647059631e+02
1.803689411764706563e+02
1.789568000000000723e+02
1.778014117647059322e+02
1.766460235294118206e+02
1.756190117647059310e+02
1.745920000000000698e+02
1.736933647058824306e+02
1.729231058823530134e+02
1.722812235294118466e+02
1.718960941176471522e+02
1.716393411764706514e+02
1.715109647058824009e+02
1.713825882352941790e+02
1.712542117647059285e+02
1.712542117647059285e+02
1.712542117647059285e+02
1.712542117647059285e+02
1.712542117647059285e+02
1.712542117647059285e+02
1.713825882352941790e+02
1.713825882352941790e+02
1.713825882352941790e+02
1.713825882352941790e+02
1.712542117647059285e+02
1.711258352941177066e+02
1.709974588235294846e+02
1.708690823529412341e+02
1.707407058823530122e+02
1.706123294117647617e+02
1.704839529411765398e+02
1.703555764705882893e+02
1.702272000000000389e+02
1.700988235294117885e+02
1.699704470588235665e+02
1.698420705882353161e+02
1.697136941176470941e+02
1.695853176470588721e+02
1.694569411764706217e+02
1.692001882352941493e+02
1.689434352941176485e+02
1.688150588235294265e+02
1.686866823529411761e+02
1.685583058823529541e+02
1.684299294117647037e+02
1.683015529411764817e+02
1.681731764705882313e+02
1.680448000000000093e+02
1.679164235294117873e+02
1.677880470588235369e+02
1.676596705882353149e+02
1.676596705882353149e+02
1.676596705882353149e+02
1.676596705882353149e+02
1.676596705882353149e+02
1.676596705882353149e+02
1.676596705882353149e+02
1.676596705882353149e+02
1.676596705882353149e+02
1.676596705882353149e+02
1.677880470588235369e+02
1.679164235294117873e+02
1.680448000000000093e+02
1.680448000000000093e+02
1.680448000000000093e+02
1.680448000000000093e+02
1.679164235294117873e+02
1.677880470588235369e+02
1.676596705882353149e+02
1.675312941176470360e+02
1.672745411764705636e+02
1.668894117647058692e+02
1.663759058823529244e+02
1.658623999999999512e+02
1.653488941176470064e+02
1.648353882352940332e+02
1.644502588235293388e+02
1.640651294117646444e+02
1.636799999999999216e+02
1.632948705882351987e+02
1.629097411764705043e+02
1.625246117647057815e+02
1.621394823529410587e+02
1.618827294117645863e+02
1.617543529411763359e+02
1.616259764705881139e+02
1.616259764705881139e+02
1.617543529411763359e+02
1.618827294117645863e+02
1.612408470588234195e+02
1.617543529411763359e+02
1.622678588235293091e+02
1.622678588235293091e+02
1.622678588235293091e+02
1.623962352941175311e+02
1.625246117647057815e+02
1.626529882352940319e+02
1.627813647058822539e+02
1.629097411764705043e+02
1.630381176470587263e+02
1.631664941176469483e+02
1.632948705882351987e+02
1.634232470588234207e+02
1.636799999999999216e+02
1.639367529411763940e+02
1.641935058823528664e+02
1.645786352941175608e+02
1.648353882352940332e+02
1.652205176470587844e+02
1.656056470588234788e+02
1.658623999999999512e+02
1.661191529411764236e+02
1.662475294117647024e+02
1.663759058823529244e+02
1.665042823529411748e+02
1.665042823529411748e+02
1.665042823529411748e+02
1.665042823529411748e+02
1.665042823529411748e+02
1.665042823529411748e+02
1.665042823529411748e+02
1.665042823529411748e+02
1.665042823529411748e+02
1.665042823529411748e+02
1.665042823529411748e+02
1.665042823529411748e+02
1.665042823529411748e+02
1.665042823529411748e+02
1.665042823529411748e+02
1.665042823529411748e+02
1.665042823529411748e+02
1.665042823529411748e+02
1.665042823529411748e+02
1.665042823529411748e+02
1.665042823529411748e+02
1.665042823529411748e+02
1.665042823529411748e+02
1.665042823529411748e+02
1.665042823529411748e+02
1.665042823529411748e+02
1.665042823529411748e+02
1.665042823529411748e+02
1.665042823529411748e+02
1.665042823529411748e+02
1.665042823529411748e+02
1.665042823529411748e+02
1.665042823529411748e+02
1.665042823529411748e+02
1.665042823529411748e+02
1.665042823529411748e+02
1.665042823529411748e+02
1.665042823529411748e+02
1.665042823529411748e+02
1.665042823529411748e+02
1.665042823529411748e+02
1.665042823529411748e+02
1.665042823529411748e+02
1.665042823529411748e+02
1.665042823529411748e+02
1.665042823529411748e+02
1.665042823529411748e+02
1.665042823529411748e+02
1.665042823529411748e+02
1.665042823529411748e+02
1.665042823529411748e+02
1.665042823529411748e+02
1.665042823529411748e+02
1.665042823529411748e+02
1.665042823529411748e+02
1.666326588235293968e+02
1.667610352941176188e+02
1.670177882352940912e+02
1.672745411764705636e+02
1.675312941176470360e+02
1.679164235294117873e+02
1.684299294117647037e+02
1.689434352941176485e+02
1.695853176470588721e+02
1.702272000000000389e+02
1.709974588235294277e+02
1.717677176470588449e+02
1.726663529411764841e+02
1.736933647058823453e+02
1.747203764705882350e+02
1.757473882352940961e+02
1.767743999999999858e+02
1.779297882352940974e+02
1.790851764705882374e+02
1.803689411764705710e+02
1.817810823529411550e+02
1.831932235294117390e+02
1.847337411764705735e+02
1.864026352941176299e+02
1.881999058823529367e+02
1.901255529411764940e+02
1.923079529411764668e+02
1.947471058823529404e+02
1.973146352941176644e+02
2.001389176470588041e+02
2.029632000000000005e+02
2.057874823529411970e+02
2.086117647058823366e+02
2.114360470588235330e+02
2.142603294117647295e+02
2.170846117647058975e+02
2.199088941176470655e+02
2.227331764705882620e+02
2.255574588235294300e+02
2.283817411764706264e+02
2.312060235294117660e+02
2.341586823529411845e+02
2.369829647058823525e+02
2.396788705882352986e+02
2.419896470588235218e+02
2.440436705882352726e+02
2.457125647058823290e+02
2.471247058823529130e+02
2.482800941176470531e+02
2.493071058823529143e+02
2.502057411764706103e+02
2.512327529411764999e+02
2.522597647058823895e+02
2.531584000000000572e+02
2.539286588235295028e+02
2.544421647058824476e+02
2.548272941176471420e+02
2.552124235294118932e+02
2.555975529411765876e+02
2.559826823529412820e+02
2.564961882352942553e+02
2.570096941176472001e+02
2.573948235294118945e+02
2.579083294117648961e+02
2.584218352941178409e+02
2.589353411764707289e+02
2.593204705882354801e+02
2.597056000000001745e+02
2.599623529411766754e+02
2.602191058823531193e+02
2.602191058823531193e+02
2.603474823529413698e+02
2.607326117647061210e+02
2.611177411764708154e+02
2.612461176470590658e+02
2.613744941176472594e+02
2.615028705882355098e+02
2.615028705882355098e+02
2.616312470588237602e+02
2.616312470588237602e+02
2.616312470588237602e+02
2.616312470588237602e+02
2.615028705882355098e+02
2.616312470588237602e+02
2.617596235294119538e+02
2.622731294117649554e+02
2.627866352941179002e+02
2.630433882352943442e+02
2.631717647058825946e+02
2.633001411764708450e+02
2.633001411764708450e+02
2.631717647058825946e+02
2.630433882352943442e+02
2.631717647058825946e+02
2.633001411764708450e+02
2.635568941176473459e+02
2.638136470588237898e+02
2.640704000000002907e+02
2.643271529411767347e+02
2.645839058823531786e+02
2.648406588235297363e+02
2.650974117647061803e+02
2.654825411764708747e+02
2.658676705882355691e+02
2.662528000000003203e+02
2.663811764705885707e+02
2.663811764705885707e+02
2.665095529411768212e+02
2.665095529411768212e+02
2.666379294117650147e+02
2.666379294117650147e+02
2.666379294117650147e+02
2.667663058823532651e+02
2.667663058823532651e+02
2.667663058823532651e+02
2.667663058823532651e+02
2.666379294117650147e+02
2.666379294117650147e+02
2.666379294117650147e+02
2.667663058823532651e+02
2.668946823529415155e+02
2.670230588235297091e+02
2.670230588235297091e+02
2.671514352941179595e+02
2.674081882352944604e+02
2.677933176470591548e+02
2.680500705882356556e+02
2.683068235294120996e+02
2.685635764705886004e+02
2.689487058823532948e+02
2.692054588235297956e+02
2.690770823529415452e+02
2.694622117647062396e+02
2.697189647058827404e+02
2.699757176470591844e+02
2.702324705882356852e+02
2.706176000000003796e+02
2.711311058823533244e+02
2.715162352941180757e+02
2.716446117647063261e+02
2.717729882352945197e+02
2.719013647058827701e+02
2.719013647058827701e+02
2.720297411764710205e+02
2.721581176470592709e+02
2.721581176470592709e+02
2.722864941176474645e+02
2.724148705882357149e+02
2.725432470588239653e+02
2.728000000000004093e+02
2.730567529411769101e+02
2.733135058823534109e+02
2.735702588235298549e+02
2.738270117647063557e+02
2.740837647058827997e+02
2.743405176470593005e+02
2.745972705882358014e+02
2.747256470588239949e+02
2.748540235294122454e+02
2.752391529411769397e+02
2.754959058823534406e+02
2.761377882352946358e+02
2.766512941176475806e+02
2.771648000000005254e+02
2.776783058823534702e+02
2.783201882352946654e+02
2.790904470588241111e+02
2.798607058823534999e+02
2.807593411764711391e+02
2.815296000000005847e+02
2.824282352941182239e+02
2.834552470588241704e+02
2.844822588235300600e+02
2.855092705882360065e+02
2.866646588235301465e+02
2.879484235294124801e+02
2.892321882352948705e+02
2.906443294117654546e+02
2.921848470588242321e+02
2.939821176470595105e+02
2.960361411764712898e+02
2.983469176470595130e+02
3.009144470588242370e+02
3.037387294117653482e+02
3.066913882352947667e+02
3.096440470588242420e+02
3.125967058823536036e+02
3.155493647058830220e+02
3.185020235294124404e+02
3.214546823529418589e+02
3.244073411764712773e+02
3.273600000000007526e+02
3.303126588235301142e+02
3.332653176470595326e+02
3.362179764705889511e+02
3.391706352941183695e+02
3.421232941176477311e+02
3.449475764705890128e+02
3.475151058823536800e+02
3.498258823529419033e+02
3.518799058823536257e+02
3.538055529411771545e+02
3.553460705882359889e+02
3.565014588235301289e+02
3.576568470588242690e+02
3.586838588235301586e+02
3.594541176470596042e+02
3.602243764705889930e+02
3.609946352941184387e+02
3.617648941176478274e+02
3.626635294117655235e+02
3.634337882352949691e+02
3.642040470588243579e+02
3.647175529411773027e+02
3.651026823529420540e+02
3.653594352941185548e+02
3.654878117647067484e+02
3.656161882352949988e+02
3.657445647058832492e+02
3.658729411764714428e+02
3.660013176470596932e+02
3.661296941176479436e+02
3.661296941176479436e+02
3.662580705882361940e+02
3.663864470588243876e+02
3.665148235294126380e+02
3.666432000000008884e+02
3.667715764705891388e+02
3.667715764705891388e+02
3.666432000000008884e+02
3.666432000000008884e+02
3.666432000000008884e+02
3.665148235294126380e+02
3.663864470588243876e+02
3.662580705882361940e+02
3.661296941176479436e+02
3.660013176470596932e+02
3.658729411764714428e+02
3.657445647058832492e+02
3.656161882352949988e+02
3.653594352941185548e+02
3.652310588235303044e+02
3.651026823529420540e+02
3.649743058823538036e+02
3.648459294117656100e+02
3.648459294117656100e+02
3.648459294117656100e+02
3.648459294117656100e+02
3.648459294117656100e+02
3.648459294117656100e+02
3.648459294117656100e+02
3.648459294117656100e+02
3.648459294117656100e+02
3.648459294117656100e+02
3.645891764705890523e+02
3.645891764705890523e+02
3.645891764705890523e+02
3.645891764705890523e+02
3.647175529411773027e+02
3.647175529411773027e+02
3.647175529411773027e+02
3.647175529411773027e+02
3.648459294117656100e+02
3.649743058823538036e+02
3.651026823529420540e+02
3.651026823529420540e+02
3.652310588235303044e+02
3.653594352941185548e+02
3.654878117647067484e+02
3.656161882352949988e+02
3.657445647058832492e+02
3.658729411764714428e+02
3.658729411764714428e+02
3.658729411764714428e+02
3.658729411764714428e+02
3.658729411764714428e+02
3.657445647058832492e+02
3.656161882352949988e+02
3.654878117647067484e+02
3.653594352941185548e+02
3.653594352941185548e+02
3.653594352941185548e+02
3.653594352941185548e+02
3.653594352941185548e+02
3.653594352941185548e+02
3.652310588235303044e+02
3.652310588235303044e+02
3.651026823529420540e+02
3.651026823529420540e+02
3.651026823529420540e+02
3.651026823529420540e+02
3.651026823529420540e+02
3.651026823529420540e+02
3.651026823529420540e+02
3.651026823529420540e+02
3.651026823529420540e+02
3.651026823529420540e+02
3.651026823529420540e+02
3.651026823529420540e+02
3.651026823529420540e+02
3.651026823529420540e+02
3.651026823529420540e+02
3.651026823529420540e+02
3.651026823529420540e+02
3.652310588235303044e+02
3.654878117647067484e+02
3.657445647058832492e+02
3.661296941176479436e+02
3.665148235294126380e+02
3.667715764705891388e+02
3.670283294117655828e+02
3.672850823529420268e+02
3.675418352941185844e+02
3.676702117647068349e+02
3.677985882352950853e+02
3.677985882352950853e+02
3.676702117647068349e+02
3.675418352941185844e+02
3.674134588235302772e+02
3.672850823529420268e+02
3.670283294117655828e+02
3.668999529411773324e+02
3.666432000000008884e+02
3.663864470588243876e+02
3.661296941176479436e+02
3.658729411764714428e+02
3.656161882352949988e+02
3.653594352941185548e+02
3.651026823529420540e+02
3.648459294117656100e+02
3.644608000000008019e+02
3.640756705882361075e+02
3.636905411764714131e+02
3.633054117647067187e+02
3.630486588235302179e+02
3.627919058823537739e+02
3.625351529411773299e+02
3.622784000000008291e+02
3.620216470588243851e+02
3.617648941176478274e+02
3.616365176470595770e+02
3.615081411764713835e+02
3.613797647058831330e+02
3.612513882352948826e+02
3.609946352941184387e+02
3.604811294117654938e+02
3.599676235294125490e+02
3.597108705882361050e+02
3.598392470588242986e+02
3.604811294117654938e+02
3.613797647058831330e+02
3.624067764705890795e+02
3.634337882352949691e+02
3.647175529411773027e+02
3.660013176470596932e+02
3.674134588235302772e+02
3.688256000000008612e+02
3.702377411764713884e+02
3.715215058823537788e+02
3.726768941176479188e+02
3.734471529411773645e+02
3.739606588235303093e+02
3.740890352941185597e+02
3.738322823529420589e+02
3.733187764705891141e+02
3.728052705882361124e+02
3.722917647058831676e+02
3.716498823529420292e+02
3.711363764705890844e+02
3.704944941176478892e+02
3.699809882352948875e+02
3.695958588235301931e+02
3.693391058823537492e+02
3.692107294117654988e+02
3.692107294117654988e+02
3.692107294117654988e+02
3.692107294117654988e+02
3.692107294117654988e+02
3.692107294117654988e+02
3.692107294117654988e+02
3.692107294117654988e+02
3.692107294117654988e+02
3.692107294117654988e+02
3.692107294117654988e+02
3.692107294117654988e+02
3.692107294117654988e+02
3.692107294117654988e+02
3.692107294117654988e+02
