1.999999342768327831e-02 1.621396391142946705e-05 0.000000000000000000e+00
1.078655253304431572e+00 1.400650628094462103e-03 0.000000000000000000e+00
2.136973553024310135e+00 3.385849447698843512e-03 0.000000000000000000e+00
3.639949934522711761e+00 7.028000254740006392e-03 0.000000000000000000e+00
4.865652283516625154e+00 1.093879257270459482e-02 0.000000000000000000e+00
6.199658010184744938e+00 1.650703059375262932e-02 0.000000000000000000e+00
7.848555531498901061e+00 2.538367924093622163e-02 0.000000000000000000e+00
9.838527478889931288e+00 4.271027786883939414e-02 0.000000000000000000e+00
1.213713554065675737e+01 6.666832482897420975e-02 0.000000000000000000e+00
1.484048120442153440e+01 9.959026143558619149e-02 0.000000000000000000e+00
1.743623468036502899e+01 1.360866072155297868e-01 0.000000000000000000e+00
2.077566465541550400e+01 1.900301494821352855e-01 0.000000000000000000e+00
2.416750755323307231e+01 2.528707805100182671e-01 0.000000000000000000e+00
2.631012916403760116e+01 2.977238349102562243e-01 0.000000000000000000e+00
2.893672577304998228e+01 3.597571155621371863e-01 0.000000000000000000e+00
3.079445771374789587e+01 4.090985021321079107e-01 0.000000000000000000e+00
3.263237503446523391e+01 4.636859981641465733e-01 0.000000000000000000e+00
3.478999343293115487e+01 5.344802288019927516e-01 0.000000000000000000e+00
3.750055836239158680e+01 6.317868806141355709e-01 0.000000000000000000e+00
4.071758338211417083e+01 7.573505414253111079e-01 0.000000000000000000e+00
4.393416931069720022e+01 8.936999986264801965e-01 0.000000000000000000e+00
4.715025261112231192e+01 1.041430886270562128e+00 0.000000000000000000e+00
5.036578083425514762e+01 1.200787268865058266e+00 0.000000000000000000e+00
5.439404614024050488e+01 1.415356603890773668e+00 0.000000000000000000e+00
5.842154210226202338e+01 1.643912178837082294e+00 0.000000000000000000e+00
6.244830142582732435e+01 1.885098258490617074e+00 0.000000000000000000e+00
6.647434350773934852e+01 2.137974769088526905e+00 0.000000000000000000e+00
7.049969659818751211e+01 2.401591673246980196e+00 0.000000000000000000e+00
7.452439792905877880e+01 2.674978893544038172e+00 0.000000000000000000e+00
7.854839563269023017e+01 2.958534630758895556e+00 0.000000000000000000e+00
8.257195723132424803e+01 3.248212791717506320e+00 0.000000000000000000e+00
8.659508926740335255e+01 3.543796950989734018e+00 0.000000000000000000e+00
9.061781562420028990e+01 3.844851818530441445e+00 0.000000000000000000e+00
9.463991885625330269e+01 4.154120254759238406e+00 0.000000000000000000e+00
9.866166403016760000e+01 4.468010571646828133e+00 0.000000000000000000e+00
1.026830636532773298e+02 4.786297307455297911e+00 0.000000000000000000e+00
1.067040243582505639e+02 5.110081778978909917e+00 0.000000000000000000e+00
1.107240796426558660e+02 5.444920374818231323e+00 0.000000000000000000e+00
1.147438982369756388e+02 5.782588619845444811e+00 0.000000000000000000e+00
1.187632478050524298e+02 6.125794716148606156e+00 0.000000000000000000e+00
1.227818731857918806e+02 6.477378879920857813e+00 0.000000000000000000e+00
1.265427882988716703e+02 6.806416316798657107e+00 0.000000000000000000e+00
1.302979963089654802e+02 6.806416316798657107e+00 0.000000000000000000e+00
1.340532043190592901e+02 6.806416316798657107e+00 0.000000000000000000e+00
1.380016785608675036e+02 6.806416316798657107e+00 0.000000000000000000e+00
1.419501528026757171e+02 6.806416316798657107e+00 0.000000000000000000e+00
1.458986270444839306e+02 6.806416316798657107e+00 0.000000000000000000e+00
1.498471012862921441e+02 6.806416316798657107e+00 0.000000000000000000e+00
1.537955755281003576e+02 6.806416316798657107e+00 0.000000000000000000e+00
1.568607748356389209e+02 6.806416316798657107e+00 0.000000000000000000e+00
1.602790246002963386e+02 6.806416316798657107e+00 0.000000000000000000e+00
1.640522475875137900e+02 6.806416316798657107e+00 0.000000000000000000e+00
1.678254705747312414e+02 6.806416316798657107e+00 0.000000000000000000e+00
1.717971994665082889e+02 6.806416316798657107e+00 0.000000000000000000e+00
1.757768255720976924e+02 6.806416316798657107e+00 0.000000000000000000e+00
1.797564516776870960e+02 6.806416316798657107e+00 0.000000000000000000e+00
1.837360777832764995e+02 6.806416316798657107e+00 0.000000000000000000e+00
1.872317658550650208e+02 6.806416316798657107e+00 0.000000000000000000e+00
1.902717788786428912e+02 6.806416316798657107e+00 0.000000000000000000e+00
1.935334318908506077e+02 6.806416316798657107e+00 0.000000000000000000e+00
1.967243387786686242e+02 6.806416316798657107e+00 0.000000000000000000e+00
1.999444119536655080e+02 6.806416316798657107e+00 0.000000000000000000e+00
2.029221821789114699e+02 6.806416316798657107e+00 0.000000000000000000e+00
2.062099593713346337e+02 6.806416316798657107e+00 0.000000000000000000e+00
2.097117523390242297e+02 6.806416316798657107e+00 0.000000000000000000e+00
2.133182371057085618e+02 6.806416316798657107e+00 0.000000000000000000e+00
2.169247218723928938e+02 6.806416316798657107e+00 0.000000000000000000e+00
2.205312066390772259e+02 6.806416316798657107e+00 0.000000000000000000e+00
2.241376914057615579e+02 6.806416316798657107e+00 0.000000000000000000e+00
2.277441761724458900e+02 6.806416316798657107e+00 0.000000000000000000e+00
2.313506609391302220e+02 6.806416316798657107e+00 0.000000000000000000e+00
2.349571457058145540e+02 6.806416316798657107e+00 0.000000000000000000e+00
2.385636304724988861e+02 6.806416316798657107e+00 0.000000000000000000e+00
2.421701152391832181e+02 6.806416316798657107e+00 0.000000000000000000e+00
2.457766000058675502e+02 6.806416316798657107e+00 0.000000000000000000e+00
2.493830847725518822e+02 6.806416316798657107e+00 0.000000000000000000e+00
2.529895695392362143e+02 6.806416316798657107e+00 0.000000000000000000e+00
2.565960543059205179e+02 6.806416316798657107e+00 0.000000000000000000e+00
2.602025390726048499e+02 6.806416316798657107e+00 0.000000000000000000e+00
2.638090238392891820e+02 6.806416316798657107e+00 0.000000000000000000e+00
2.674155086059735140e+02 6.806416316798657107e+00 0.000000000000000000e+00
2.713282823766517708e+02 6.806416316798657107e+00 0.000000000000000000e+00
2.748646905294385192e+02 6.806416316798657107e+00 0.000000000000000000e+00
2.785144745491642766e+02 6.806416316798657107e+00 0.000000000000000000e+00
2.818222152505779263e+02 6.806416316798657107e+00 0.000000000000000000e+00
2.851646858646251417e+02 6.806416316798657107e+00 0.000000000000000000e+00
2.887639408646215315e+02 6.806416316798657107e+00 0.000000000000000000e+00
2.923631958646179214e+02 6.806416316798657107e+00 0.000000000000000000e+00
2.959624508646143113e+02 6.806416316798657107e+00 0.000000000000000000e+00
2.995617058646107012e+02 6.806416316798657107e+00 0.000000000000000000e+00
3.031609608646070910e+02 6.806416316798657107e+00 0.000000000000000000e+00
3.067602158646034809e+02 6.806416316798657107e+00 0.000000000000000000e+00
3.103594708645998708e+02 6.806416316798657107e+00 0.000000000000000000e+00
3.139587258645962606e+02 6.806416316798657107e+00 0.000000000000000000e+00
3.175579808645926505e+02 6.806416316798657107e+00 0.000000000000000000e+00
3.211572358645890404e+02 6.806416316798657107e+00 0.000000000000000000e+00
3.247564908645854302e+02 6.806416316798657107e+00 0.000000000000000000e+00
3.283557458645818201e+02 6.806416316798657107e+00 0.000000000000000000e+00
3.319550008645782100e+02 6.806416316798657107e+00 0.000000000000000000e+00
3.355542558645745999e+02 6.806416316798657107e+00 0.000000000000000000e+00
3.391535108645709897e+02 6.806416316798657107e+00 0.000000000000000000e+00
3.427527658645673796e+02 6.806416316798657107e+00 0.000000000000000000e+00
3.463520208645637695e+02 6.806416316798657107e+00 0.000000000000000000e+00
3.499512758645601593e+02 6.806416316798657107e+00 0.000000000000000000e+00
3.535505308645565492e+02 6.806416316798657107e+00 0.000000000000000000e+00
3.571497858645529391e+02 6.806416316798657107e+00 0.000000000000000000e+00
3.607490408645493289e+02 6.806416316798657107e+00 0.000000000000000000e+00
3.646055767788656112e+02 6.806416316798657107e+00 0.000000000000000000e+00
3.684621126931818935e+02 6.806416316798657107e+00 0.000000000000000000e+00
3.723186486074981758e+02 6.806416316798657107e+00 0.000000000000000000e+00
3.761751845218144581e+02 6.806416316798657107e+00 0.000000000000000000e+00
3.800317204361307404e+02 6.806416316798657107e+00 0.000000000000000000e+00
3.838882563504470227e+02 6.806416316798657107e+00 0.000000000000000000e+00
3.877447922647633050e+02 6.806416316798657107e+00 0.000000000000000000e+00
3.914694362888746468e+02 6.806416316798657107e+00 0.000000000000000000e+00
3.955470332155342703e+02 6.806416316798657107e+00 0.000000000000000000e+00
3.996246301421938938e+02 6.806416316798657107e+00 0.000000000000000000e+00
4.036868800253310496e+02 7.159860206625743295e+00 0.000000000000000000e+00
4.077492170830862506e+02 7.512300734222946197e+00 0.000000000000000000e+00
4.118116348255452976e+02 7.863810025789971903e+00 0.000000000000000000e+00
4.158741610752816200e+02 8.214063029356831080e+00 0.000000000000000000e+00
4.199367695546175696e+02 8.563360953673599951e+00 0.000000000000000000e+00
4.239994951367933140e+02 8.911294194739612706e+00 0.000000000000000000e+00
4.280623035694637224e+02 9.258258653620279333e+00 0.000000000000000000e+00
4.321252293121117418e+02 9.603846711909826084e+00 0.000000000000000000e+00
4.361894443292694064e+02 9.933926990954407898e+00 0.000000000000000000e+00
4.402539963616657133e+02 1.025983107538298356e+01 0.000000000000000000e+00
4.443192253894998771e+02 1.057717890909039227e+01 0.000000000000000000e+00
4.483851008250902623e+02 1.088613463175406437e+01 0.000000000000000000e+00
4.524518168593859855e+02 1.118382136761288237e+01 0.000000000000000000e+00
4.565192255537677966e+02 1.147188943104833214e+01 0.000000000000000000e+00
4.605873596477023852e+02 1.174952532582982734e+01 0.000000000000000000e+00
4.646562120269286993e+02 1.201642795295950172e+01 0.000000000000000000e+00
4.687258309830774010e+02 1.227137549277760442e+01 0.000000000000000000e+00
4.727962872809789019e+02 1.251258540795137719e+01 0.000000000000000000e+00
4.768675131926837594e+02 1.274043683359387558e+01 0.000000000000000000e+00
4.809395835494725020e+02 1.295266243446880594e+01 0.000000000000000000e+00
4.850125254151708418e+02 1.314744758520180312e+01 0.000000000000000000e+00
4.890863309450295446e+02 1.332324633717907503e+01 0.000000000000000000e+00
4.931609184588377843e+02 1.347987739611133584e+01 0.000000000000000000e+00
4.970139427396473479e+02 1.360845245465279874e+01 0.000000000000000000e+00
5.008676124468365742e+02 1.371595799906458524e+01 0.000000000000000000e+00
5.047217936791108741e+02 1.380322014991855184e+01 0.000000000000000000e+00
5.085763581160466629e+02 1.387148914505479880e+01 0.000000000000000000e+00
5.124312336887197716e+02 1.391904935315852221e+01 0.000000000000000000e+00
5.162862922154019998e+02 1.394822828463225584e+01 0.000000000000000000e+00
5.202867869913574168e+02 1.396422597357511641e+01 0.000000000000000000e+00
5.242873117680247788e+02 1.396821217087378386e+01 0.000000000000000000e+00
5.269067300624997188e+02 1.586500052592531240e+01 0.000000000000000000e+00
5.297562413315505410e+02 1.791864094129946849e+01 0.000000000000000000e+00
5.323697953395717377e+02 1.979422278275104929e+01 0.000000000000000000e+00
5.346438450757847249e+02 2.142110137749352461e+01 0.000000000000000000e+00
5.365963885284027128e+02 2.281473408929297264e+01 0.000000000000000000e+00
5.387441368650066806e+02 2.434437972840257913e+01 0.000000000000000000e+00
5.409231903969531459e+02 2.589244895524732826e+01 0.000000000000000000e+00
5.431469151223318477e+02 2.746836273959031871e+01 0.000000000000000000e+00
5.453513637840233059e+02 2.902659649562656341e+01 0.000000000000000000e+00
5.479715272053911121e+02 3.087382456576485623e+01 0.000000000000000000e+00
5.511175015731697613e+02 3.308670803315401798e+01 0.000000000000000000e+00
5.543872968051238104e+02 3.538107508110155663e+01 0.000000000000000000e+00
5.575034664112534983e+02 3.756304682971491360e+01 0.000000000000000000e+00
5.607318856668586022e+02 3.981974409424869066e+01 0.000000000000000000e+00
5.640389474356929895e+02 4.212723781615706997e+01 0.000000000000000000e+00
5.673474473331950776e+02 4.443266906600192101e+01 0.000000000000000000e+00
5.706569150295697455e+02 4.673671081609784750e+01 0.000000000000000000e+00
5.739673920933480531e+02 4.903930205853110635e+01 0.000000000000000000e+00
5.772794174776406635e+02 5.133966565442945296e+01 0.000000000000000000e+00
5.805184645586231227e+02 5.358606661149936201e+01 0.000000000000000000e+00
5.838870173954647953e+02 5.592010984738286083e+01 0.000000000000000000e+00
5.872565373484370639e+02 5.825275669765604647e+01 0.000000000000000000e+00
5.906280311052049683e+02 6.058254979783536953e+01 0.000000000000000000e+00
5.940013168742179914e+02 6.290974750369142754e+01 0.000000000000000000e+00
5.973752190034105070e+02 6.523605153889367614e+01 0.000000000000000000e+00
6.007498069806116519e+02 6.756136055614211955e+01 0.000000000000000000e+00
6.041260757860899275e+02 6.988422839455257929e+01 0.000000000000000000e+00
6.075027700292581585e+02 7.220647774156984156e+01 0.000000000000000000e+00
6.108820619093164623e+02 7.452494543186439557e+01 0.000000000000000000e+00
6.142635490690978486e+02 7.684021013159126312e+01 0.000000000000000000e+00
6.176472035261492692e+02 7.915230627077839642e+01 0.000000000000000000e+00
6.210335891042143430e+02 8.146040045391751505e+01 0.000000000000000000e+00
6.244227900548679600e+02 8.376435856066694896e+01 0.000000000000000000e+00
6.278129016481658482e+02 8.606697651129512394e+01 0.000000000000000000e+00
6.312034813098123323e+02 8.836890518082358881e+01 0.000000000000000000e+00
6.345945411880229585e+02 9.067012636618534316e+01 0.000000000000000000e+00
6.379850814894717814e+02 9.297211300946089807e+01 0.000000000000000000e+00
6.413745992329309047e+02 9.527560503426663274e+01 0.000000000000000000e+00
6.447630866510420447e+02 9.758061242229608467e+01 0.000000000000000000e+00
6.481505159424108342e+02 9.988717454752588765e+01 0.000000000000000000e+00
6.515368576925940260e+02 1.021953330326680316e+02 0.000000000000000000e+00
6.549225964480289122e+02 1.045043759342863581e+02 0.000000000000000000e+00
6.583087005509077017e+02 1.068128830375968619e+02 0.000000000000000000e+00
6.616941124023204566e+02 1.091224052041676629e+02 0.000000000000000000e+00
6.650803831453904422e+02 1.114306678617081445e+02 0.000000000000000000e+00
6.684674855110584986e+02 1.137377100386207474e+02 0.000000000000000000e+00
6.718534086812638861e+02 1.160464825105273547e+02 0.000000000000000000e+00
6.752382011467697112e+02 1.183569123421869591e+02 0.000000000000000000e+00
6.786223507204033467e+02 1.206682837326915347e+02 0.000000000000000000e+00
6.820058185556785020e+02 1.229806529612590396e+02 0.000000000000000000e+00
6.853896318297317976e+02 1.252925166613737531e+02 0.000000000000000000e+00
6.887737179474404456e+02 1.276039809569015091e+02 0.000000000000000000e+00
6.921580764727414135e+02 1.299150463851813697e+02 0.000000000000000000e+00
6.955427152901618228e+02 1.322257012960625104e+02 0.000000000000000000e+00
6.989276401495941400e+02 1.345359371579530716e+02 0.000000000000000000e+00
7.023128568335947648e+02 1.368457453846098986e+02 0.000000000000000000e+00
7.056983713146846640e+02 1.391551171043419117e+02 0.000000000000000000e+00
7.090841925080230794e+02 1.414640391230139471e+02 0.000000000000000000e+00
7.124698247832334346e+02 1.437732381483518509e+02 0.000000000000000000e+00
7.158557753239618933e+02 1.460819704795908365e+02 0.000000000000000000e+00
7.192415393677596285e+02 1.483909763005652849e+02 0.000000000000000000e+00
7.226276246741745126e+02 1.506995109741729095e+02 0.000000000000000000e+00
7.260135274106647785e+02 1.530083134127968378e+02 0.000000000000000000e+00
7.293992488805761241e+02 1.553173816598933286e+02 0.000000000000000000e+00
7.327847849943933625e+02 1.576267216659571488e+02 0.000000000000000000e+00
7.361696182941449251e+02 1.599370916740858490e+02 0.000000000000000000e+00
7.395537795778493546e+02 1.622484459194241992e+02 0.000000000000000000e+00
7.429372607235990245e+02 1.645607956719323113e+02 0.000000000000000000e+00
7.463200509727060989e+02 1.668741560355838658e+02 0.000000000000000000e+00
7.497021577717092669e+02 1.691885154808094001e+02 0.000000000000000000e+00
7.530830631510782496e+02 1.715046296527193022e+02 0.000000000000000000e+00
7.564633931495977777e+02 1.738215835026430511e+02 0.000000000000000000e+00
7.598431383960833045e+02 1.761393902483460465e+02 0.000000000000000000e+00
7.632223380995696971e+02 1.784579922852477978e+02 0.000000000000000000e+00
7.666005048420258845e+02 1.807780990719562624e+02 0.000000000000000000e+00
7.699782842899936668e+02 1.830987696738413888e+02 0.000000000000000000e+00
7.733551161460370622e+02 1.854208189105240763e+02 0.000000000000000000e+00
7.767306060493933728e+02 1.877448184703147547e+02 0.000000000000000000e+00
7.801049102584277080e+02 1.900705392503012376e+02 0.000000000000000000e+00
7.833022389491087552e+02 1.922765252147841863e+02 0.000000000000000000e+00
7.865787177606066507e+02 1.945392754063620657e+02 0.000000000000000000e+00
7.898985373111734134e+02 1.968340047410474654e+02 0.000000000000000000e+00
7.932174457182131846e+02 1.991300516816546633e+02 0.000000000000000000e+00
7.965359875699627992e+02 2.014266283831775866e+02 0.000000000000000000e+00
7.998710031957444926e+02 2.037355206345118006e+02 0.000000000000000000e+00
8.032332723652727964e+02 2.060641721830595259e+02 0.000000000000000000e+00
8.065951363976730590e+02 2.083934085881003853e+02 0.000000000000000000e+00
8.099566052948995321e+02 2.107232152015114366e+02 0.000000000000000000e+00
8.133171714636607703e+02 2.130543237421615288e+02 0.000000000000000000e+00
8.166769246245730756e+02 2.153866038927125146e+02 0.000000000000000000e+00
8.200353276539310627e+02 2.177208277670042094e+02 0.000000000000000000e+00
8.233923405205214294e+02 2.200570504910741647e+02 0.000000000000000000e+00
8.267474090852959989e+02 2.223960645843571342e+02 0.000000000000000000e+00
8.301005107432883960e+02 2.247378974720934082e+02 0.000000000000000000e+00
8.330469674295147797e+02 2.267994807972135902e+02 0.000000000000000000e+00
8.361614317937307987e+02 2.289826743414130874e+02 0.000000000000000000e+00
8.385792971636741413e+02 2.306809879673773764e+02 0.000000000000000000e+00
8.410608837274163534e+02 2.324279147377412187e+02 0.000000000000000000e+00
8.434480667512032142e+02 2.341122306031889195e+02 0.000000000000000000e+00
8.458248649908822472e+02 2.357930677572181821e+02 0.000000000000000000e+00
8.482428663230450638e+02 2.375070425183908185e+02 0.000000000000000000e+00
8.508599950250238635e+02 2.393665239930200528e+02 0.000000000000000000e+00
8.531657690532125571e+02 2.410078322825117141e+02 0.000000000000000000e+00
8.557889264682273733e+02 2.428775405527573241e+02 0.000000000000000000e+00
8.583874851128124419e+02 2.447319659853346536e+02 0.000000000000000000e+00
8.604680958174127454e+02 2.462191710100532021e+02 0.000000000000000000e+00
8.627372102639301374e+02 2.478434790665352239e+02 0.000000000000000000e+00
8.653309750576730721e+02 2.497027037823857540e+02 0.000000000000000000e+00
8.679323283030358880e+02 2.515697339906815841e+02 0.000000000000000000e+00
8.703130285496539500e+02 2.532804821365108410e+02 0.000000000000000000e+00
8.731164884419683858e+02 2.552973686411217500e+02 0.000000000000000000e+00
8.757374371478367721e+02 2.571842097277607877e+02 0.000000000000000000e+00
8.778374494502587595e+02 2.586971374603608638e+02 0.000000000000000000e+00
8.801492284277138651e+02 2.603638856377558000e+02 0.000000000000000000e+00
8.826587848097051392e+02 2.621746583713456857e+02 0.000000000000000000e+00
8.850733349967358663e+02 2.639191194504071518e+02 0.000000000000000000e+00
8.880811163365215180e+02 2.660898927966904353e+02 0.000000000000000000e+00
8.913946654838038057e+02 2.684790334986721518e+02 0.000000000000000000e+00
8.947093319957003814e+02 2.708666237399472152e+02 0.000000000000000000e+00
8.980251200710497415e+02 2.732526561547923620e+02 0.000000000000000000e+00
9.013424818172434243e+02 2.756365001702874338e+02 0.000000000000000000e+00
9.046581091485147681e+02 2.780227559498397909e+02 0.000000000000000000e+00
9.079719101641716179e+02 2.804115472914919565e+02 0.000000000000000000e+00
9.109037792016121102e+02 2.825285441364527514e+02 0.000000000000000000e+00
9.138339189221956076e+02 2.846479338863890689e+02 0.000000000000000000e+00
9.167618156682262907e+02 2.867704211864357262e+02 0.000000000000000000e+00
9.203781026720299678e+02 2.867704411067382466e+02 0.000000000000000000e+00
9.239943874457476340e+02 2.867744572807807799e+02 0.000000000000000000e+00
9.276106625920363058e+02 2.867837179833102255e+02 0.000000000000000000e+00
9.312269193858186327e+02 2.867984995833424477e+02 0.000000000000000000e+00
9.348431449740512562e+02 2.868195753819620677e+02 0.000000000000000000e+00
9.384593284988676487e+02 2.868469324491051111e+02 0.000000000000000000e+00
9.420754526145406089e+02 2.868812555364448258e+02 0.000000000000000000e+00
9.459371614975922284e+02 2.869244438683800240e+02 0.000000000000000000e+00
9.488900974217773410e+02 2.869620406136503448e+02 0.000000000000000000e+00
9.512099335619466274e+02 2.869930290993298172e+02 0.000000000000000000e+00
9.530916955947071756e+02 2.870195890792355158e+02 0.000000000000000000e+00
9.547220105249207336e+02 2.870428056047001064e+02 0.000000000000000000e+00
9.563123942694073776e+02 2.870667803881017903e+02 0.000000000000000000e+00
9.580366406575760720e+02 2.870942108915279505e+02 0.000000000000000000e+00
9.601219042373872981e+02 2.871291543350349116e+02 0.000000000000000000e+00
9.619757982954987483e+02 2.871618268168562622e+02 0.000000000000000000e+00
9.632725908507470649e+02 2.871849895153845296e+02 0.000000000000000000e+00
9.643175923595061931e+02 2.872039563602233443e+02 0.000000000000000000e+00
9.651343073825473766e+02 2.872190424983272692e+02 0.000000000000000000e+00
9.660479383871556820e+02 2.872362401804556384e+02 0.000000000000000000e+00
9.671292575936215599e+02 2.872570035125565937e+02 0.000000000000000000e+00
9.684067222371473918e+02 2.872823207550698612e+02 0.000000000000000000e+00
9.696169530258707709e+02 2.873070777716034740e+02 0.000000000000000000e+00
9.706975222180344645e+02 2.873301195146337932e+02 0.000000000000000000e+00
9.718474063886201293e+02 2.873556498401560475e+02 0.000000000000000000e+00
9.730935065274095450e+02 2.873844345701207885e+02 0.000000000000000000e+00
9.743269728669534970e+02 2.874140345462531059e+02 0.000000000000000000e+00
9.754293697424693619e+02 2.874417330699832291e+02 0.000000000000000000e+00
9.766994227136088966e+02 2.874749972859916625e+02 0.000000000000000000e+00
9.779971464849110134e+02 2.875105036297312608e+02 0.000000000000000000e+00
9.793643985833929264e+02 2.875499754270899757e+02 0.000000000000000000e+00
9.807051311121012986e+02 2.875907968975242284e+02 0.000000000000000000e+00
9.822939179271521652e+02 2.876423222778126956e+02 0.000000000000000000e+00
9.840921791910736829e+02 2.877047349534104228e+02 0.000000000000000000e+00
9.857812691012421737e+02 2.877665598955519499e+02 0.000000000000000000e+00
9.874109310601537572e+02 2.878302772906813516e+02 0.000000000000000000e+00
9.892496928240633451e+02 2.879071621032488792e+02 0.000000000000000000e+00
9.910816973665996557e+02 2.879884139821010649e+02 0.000000000000000000e+00
9.927033244079665337e+02 2.880636578194078083e+02 0.000000000000000000e+00
9.940090653349996046e+02 2.881266007855136877e+02 0.000000000000000000e+00
9.952663595318680336e+02 2.881893731772347564e+02 0.000000000000000000e+00
9.964861241799911795e+02 2.882525503401592459e+02 0.000000000000000000e+00
9.978908873862374094e+02 2.883281842688601841e+02 0.000000000000000000e+00
9.991067035669113920e+02 2.883961776968212121e+02 0.000000000000000000e+00
1.000321424326964916e+03 2.884663847150964671e+02 0.000000000000000000e+00
1.001648798060169838e+03 2.885456145243629180e+02 0.000000000000000000e+00
1.003145010604722756e+03 2.886374173061607280e+02 0.000000000000000000e+00
1.004662723259191466e+03 2.887329036761180419e+02 0.000000000000000000e+00
1.006000816576111674e+03 2.888192953928275415e+02 0.000000000000000000e+00
1.007642890237347160e+03 2.889283148205726093e+02 0.000000000000000000e+00
1.009644879413510580e+03 2.890658044183127231e+02 0.000000000000000000e+00
1.012163292972543672e+03 2.892434423122367662e+02 0.000000000000000000e+00
1.015467898497558963e+03 2.894816176743739788e+02 0.000000000000000000e+00
1.019092436444268401e+03 2.897487447789861221e+02 0.000000000000000000e+00
1.022692198108731645e+03 2.900266258048557688e+02 0.000000000000000000e+00
1.026516845599468070e+03 2.903266779295541937e+02 0.000000000000000000e+00
1.030149237199607569e+03 2.906162700290582279e+02 0.000000000000000000e+00
1.034207347791378425e+03 2.909452912756586898e+02 0.000000000000000000e+00
1.038264970647587916e+03 2.912802738312095698e+02 0.000000000000000000e+00
1.042320904484437506e+03 2.916351220619451396e+02 0.000000000000000000e+00
1.046376838321287096e+03 2.919899702926807095e+02 0.000000000000000000e+00
1.050432772158136686e+03 2.923448185234162793e+02 0.000000000000000000e+00
1.054488705994986276e+03 2.926996667541518491e+02 0.000000000000000000e+00
1.058560132840179222e+03 2.926996667541518491e+02 0.000000000000000000e+00
1.062631559685372167e+03 2.926996667541518491e+02 0.000000000000000000e+00
1.066702986530565113e+03 2.926996667541518491e+02 0.000000000000000000e+00
1.070774174754331398e+03 2.927437462553332921e+02 0.000000000000000000e+00
1.074845439489401542e+03 2.927800782348043640e+02 0.000000000000000000e+00
1.078916659966982024e+03 2.928210706571172182e+02 0.000000000000000000e+00
1.082987935479221960e+03 2.928561742066823967e+02 0.000000000000000000e+00
1.087059362324414906e+03 2.928561742066823967e+02 0.000000000000000000e+00
1.090426126957636143e+03 2.928561742066823967e+02 0.000000000000000000e+00
1.092420182901027147e+03 2.928561742066823967e+02 0.000000000000000000e+00
1.094194450329921892e+03 2.928561742066823967e+02 0.000000000000000000e+00
1.095793348628301828e+03 2.928561742066823967e+02 0.000000000000000000e+00
1.097455195724638088e+03 2.928561742066823967e+02 0.000000000000000000e+00
1.099111017072710865e+03 2.928561742066823967e+02 0.000000000000000000e+00
1.100778060304792689e+03 2.928561742066823967e+02 0.000000000000000000e+00
1.102583540644357072e+03 2.928561742066823967e+02 0.000000000000000000e+00
1.104351499405736149e+03 2.928561742066823967e+02 0.000000000000000000e+00
1.106326746549751306e+03 2.928561742066823967e+02 0.000000000000000000e+00
1.108573555435390062e+03 2.928561742066823967e+02 0.000000000000000000e+00
1.111042569493968813e+03 2.928561742066823967e+02 0.000000000000000000e+00
1.113680419850421458e+03 2.928561742066823967e+02 0.000000000000000000e+00
1.116396945021495185e+03 2.928561742066823967e+02 0.000000000000000000e+00
1.119293474591941731e+03 2.928561742066823967e+02 0.000000000000000000e+00
1.122304387846882719e+03 2.928561742066823967e+02 0.000000000000000000e+00
1.125409673913307415e+03 2.928561742066823967e+02 0.000000000000000000e+00
1.128993397637606222e+03 2.928561742066823967e+02 0.000000000000000000e+00
1.132786193201835658e+03 2.928561742066823967e+02 0.000000000000000000e+00
1.136578988766065095e+03 2.928561742066823967e+02 0.000000000000000000e+00
1.139998448775289717e+03 2.928561742066823967e+02 0.000000000000000000e+00
1.143730412137739222e+03 2.928561742066823967e+02 0.000000000000000000e+00
1.147462375500188728e+03 2.928561742066823967e+02 0.000000000000000000e+00
1.150528835785943556e+03 2.928561742066823967e+02 0.000000000000000000e+00
1.153600947992592637e+03 2.928561742066823967e+02 0.000000000000000000e+00
1.156900346004586254e+03 2.928561742066823967e+02 0.000000000000000000e+00
1.160245202569659341e+03 2.928561742066823967e+02 0.000000000000000000e+00
1.163635883426848295e+03 2.928561742066823967e+02 0.000000000000000000e+00
1.167204048776529135e+03 2.928561742066823967e+02 0.000000000000000000e+00
1.171005942337635361e+03 2.928561742066823967e+02 0.000000000000000000e+00
1.175087383561349498e+03 2.928561742066823967e+02 0.000000000000000000e+00
1.179168824785063634e+03 2.928561742066823967e+02 0.000000000000000000e+00
1.183080234103901603e+03 2.928561742066823967e+02 0.000000000000000000e+00
1.186991643422739571e+03 2.928561742066823967e+02 0.000000000000000000e+00
1.190903052741577540e+03 2.928561742066823967e+02 0.000000000000000000e+00
1.194765478129267422e+03 2.928561742066823967e+02 0.000000000000000000e+00
1.198276843601656537e+03 2.928561742066823967e+02 0.000000000000000000e+00
1.201616089440328551e+03 2.928561742066823967e+02 0.000000000000000000e+00
1.205097134527992466e+03 2.928561742066823967e+02 0.000000000000000000e+00
1.208869933019568634e+03 2.928561742066823967e+02 0.000000000000000000e+00
1.212771780505715469e+03 2.928561742066823967e+02 0.000000000000000000e+00
1.216514361907249395e+03 2.928561742066823967e+02 0.000000000000000000e+00
1.220599155523982972e+03 2.928561742066823967e+02 0.000000000000000000e+00
1.224613935471827745e+03 2.928561742066823967e+02 0.000000000000000000e+00
1.228628715419672517e+03 2.928561742066823967e+02 0.000000000000000000e+00
1.232643495367517289e+03 2.928561742066823967e+02 0.000000000000000000e+00
1.236658275315362062e+03 2.928561742066823967e+02 0.000000000000000000e+00
1.240673055263206834e+03 2.928561742066823967e+02 0.000000000000000000e+00
1.244687835211051606e+03 2.928561742066823967e+02 0.000000000000000000e+00
1.248702615158896378e+03 2.928561742066823967e+02 0.000000000000000000e+00
1.252717395106741151e+03 2.928561742066823967e+02 0.000000000000000000e+00
1.256732175054585923e+03 2.928561742066823967e+02 0.000000000000000000e+00
1.260746955002430695e+03 2.928561742066823967e+02 0.000000000000000000e+00
1.264761734950275468e+03 2.928561742066823967e+02 0.000000000000000000e+00
1.268776514898120240e+03 2.928561742066823967e+02 0.000000000000000000e+00
1.272791294845965012e+03 2.928561742066823967e+02 0.000000000000000000e+00
1.275481451948944823e+03 2.928561742066823967e+02 0.000000000000000000e+00
1.277362798347136277e+03 2.928561742066823967e+02 0.000000000000000000e+00
1.279464876337857731e+03 2.928561742066823967e+02 0.000000000000000000e+00
1.281824807434389641e+03 2.928561742066823967e+02 0.000000000000000000e+00
1.284569099322951843e+03 2.928561742066823967e+02 0.000000000000000000e+00
1.286970724458327140e+03 2.928561742066823967e+02 0.000000000000000000e+00
1.289338689809557309e+03 2.928561742066823967e+02 0.000000000000000000e+00
1.292051733435380584e+03 2.928561742066823967e+02 0.000000000000000000e+00
1.294889739859271458e+03 2.928561742066823967e+02 0.000000000000000000e+00
1.297601990440859709e+03 2.928561742066823967e+02 0.000000000000000000e+00
1.300253999154135045e+03 2.928561742066823967e+02 0.000000000000000000e+00
1.302847349079719606e+03 2.928561742066823967e+02 0.000000000000000000e+00
1.305552812960156871e+03 2.928561742066823967e+02 0.000000000000000000e+00
1.308457986528764650e+03 2.928561742066823967e+02 0.000000000000000000e+00
1.311709682933267686e+03 2.928561742066823967e+02 0.000000000000000000e+00
1.314835580612838157e+03 2.928561742066823967e+02 0.000000000000000000e+00
1.318202262665255603e+03 2.928561742066823967e+02 0.000000000000000000e+00
1.321803713957821401e+03 2.928561742066823967e+02 0.000000000000000000e+00
1.325405165250387199e+03 2.928561742066823967e+02 0.000000000000000000e+00
1.329133021511607012e+03 2.928561742066823967e+02 0.000000000000000000e+00
1.333152135873413044e+03 2.928561742066823967e+02 0.000000000000000000e+00
1.337216775276699309e+03 2.928561742066823967e+02 0.000000000000000000e+00
1.341186594308501753e+03 2.928561742066823967e+02 0.000000000000000000e+00
1.344856727947244053e+03 2.928561742066823967e+02 0.000000000000000000e+00
1.348943401198116362e+03 2.928561742066823967e+02 0.000000000000000000e+00
1.353030074448988671e+03 2.928561742066823967e+02 0.000000000000000000e+00
1.356631144525654236e+03 2.928561742066823967e+02 0.000000000000000000e+00
1.360031313319490891e+03 2.928561742066823967e+02 0.000000000000000000e+00
1.363232117268893944e+03 2.928561742066823967e+02 0.000000000000000000e+00
1.366551795421996530e+03 2.928561742066823967e+02 0.000000000000000000e+00
1.370503525118995412e+03 2.928561742066823967e+02 0.000000000000000000e+00
1.373635677993777790e+03 2.928561742066823967e+02 0.000000000000000000e+00
1.375984246325929007e+03 2.928561742066823967e+02 0.000000000000000000e+00
1.378317147405603237e+03 2.928561742066823967e+02 0.000000000000000000e+00
1.380943832661305578e+03 2.928561742066823967e+02 0.000000000000000000e+00
1.383576934803832955e+03 2.928561742066823967e+02 0.000000000000000000e+00
1.386764037031307680e+03 2.928561742066823967e+02 0.000000000000000000e+00
1.389956428138575802e+03 2.928561742066823967e+02 0.000000000000000000e+00
1.393476988946003758e+03 2.928561742066823967e+02 0.000000000000000000e+00
1.397207554929992057e+03 2.928561742066823967e+02 0.000000000000000000e+00
1.400211693160524419e+03 2.928561742066823967e+02 0.000000000000000000e+00
1.402629600122859529e+03 2.928561742066823967e+02 0.000000000000000000e+00
1.405200205343505104e+03 2.928561742066823967e+02 0.000000000000000000e+00
1.407967222266745239e+03 2.928561742066823967e+02 0.000000000000000000e+00
1.410976223197043510e+03 2.928561742066823967e+02 0.000000000000000000e+00
1.414285619805799570e+03 2.928561742066823967e+02 0.000000000000000000e+00
1.417787942356605754e+03 2.928561742066823967e+02 0.000000000000000000e+00
1.421370396295419368e+03 2.928561742066823967e+02 0.000000000000000000e+00
1.424772670877099699e+03 2.928561742066823967e+02 0.000000000000000000e+00
1.428435860723657015e+03 2.928561742066823967e+02 0.000000000000000000e+00
1.432099050570214331e+03 2.928561742066823967e+02 0.000000000000000000e+00
1.435131732841521170e+03 2.928561742066823967e+02 0.000000000000000000e+00
1.437654101230482411e+03 2.928561742066823967e+02 0.000000000000000000e+00
1.439020689931443258e+03 2.928561742066823967e+02 0.000000000000000000e+00
1.440397586342214026e+03 2.928561742066823967e+02 0.000000000000000000e+00
1.442013543742138381e+03 2.928561742066823967e+02 0.000000000000000000e+00
1.444278065608759789e+03 2.928561742066823967e+02 0.000000000000000000e+00
1.446947981230835239e+03 2.928561742066823967e+02 0.000000000000000000e+00
1.449162625203968446e+03 2.928561742066823967e+02 0.000000000000000000e+00
1.452130363871951886e+03 2.928561742066823967e+02 0.000000000000000000e+00
1.455098102539935326e+03 2.928561742066823967e+02 0.000000000000000000e+00
1.458865529738242913e+03 2.928561742066823967e+02 0.000000000000000000e+00
1.461713546361898807e+03 2.928561742066823967e+02 0.000000000000000000e+00
1.464162496559992860e+03 2.928561742066823967e+02 0.000000000000000000e+00
1.466924464773438558e+03 2.928561742066823967e+02 0.000000000000000000e+00
1.469986611796785610e+03 2.928561742066823967e+02 0.000000000000000000e+00
1.473443893834065648e+03 2.928561742066823967e+02 0.000000000000000000e+00
1.477411158622292305e+03 2.928561742066823967e+02 0.000000000000000000e+00
1.481378423410518963e+03 2.928561742066823967e+02 0.000000000000000000e+00
1.485345688198745620e+03 2.928561742066823967e+02 0.000000000000000000e+00
1.489312952986972277e+03 2.928561742066823967e+02 0.000000000000000000e+00
1.493280217775198935e+03 2.928561742066823967e+02 0.000000000000000000e+00
1.496915162731943383e+03 2.928561742066823967e+02 0.000000000000000000e+00
1.500959372556977996e+03 2.928561742066823967e+02 0.000000000000000000e+00
1.505003582382012610e+03 2.928561742066823967e+02 0.000000000000000000e+00
1.509047792207047223e+03 2.928561742066823967e+02 0.000000000000000000e+00
1.512483119243913507e+03 2.928561742066823967e+02 0.000000000000000000e+00
1.515460716892815753e+03 2.928561742066823967e+02 0.000000000000000000e+00
1.519010896080547582e+03 2.928561742066823967e+02 0.000000000000000000e+00
1.522561075268279410e+03 2.928561742066823967e+02 0.000000000000000000e+00
1.525189237695775091e+03 2.928561742066823967e+02 0.000000000000000000e+00
1.528377857023157958e+03 2.928561742066823967e+02 0.000000000000000000e+00
1.532133748369183195e+03 2.928561742066823967e+02 0.000000000000000000e+00
1.536050737507285476e+03 2.928561742066823967e+02 0.000000000000000000e+00
1.539967726645387756e+03 2.928561742066823967e+02 0.000000000000000000e+00
1.543884715783490037e+03 2.928561742066823967e+02 0.000000000000000000e+00
1.547801704921592318e+03 2.928561742066823967e+02 0.000000000000000000e+00
1.551718694059694599e+03 2.928561742066823967e+02 0.000000000000000000e+00
1.555635683197796880e+03 2.928561742066823967e+02 0.000000000000000000e+00
1.559499862394098727e+03 2.928561742066823967e+02 0.000000000000000000e+00
1.563018009083344623e+03 2.928561742066823967e+02 0.000000000000000000e+00
1.566377223621118674e+03 2.928561742066823967e+02 0.000000000000000000e+00
1.569736604383290114e+03 2.928561742066823967e+02 0.000000000000000000e+00
1.573401223769827084e+03 2.928561742066823967e+02 0.000000000000000000e+00
1.577065843156364053e+03 2.928561742066823967e+02 0.000000000000000000e+00
1.580730462542901023e+03 2.928561742066823967e+02 0.000000000000000000e+00
1.584395081929437993e+03 2.928561742066823967e+02 0.000000000000000000e+00
1.588288878950436811e+03 2.928561742066823967e+02 0.000000000000000000e+00
1.592010152816518257e+03 2.928561742066823967e+02 0.000000000000000000e+00
1.596021550217698405e+03 2.928561742066823967e+02 0.000000000000000000e+00
1.600032947618878552e+03 2.928561742066823967e+02 0.000000000000000000e+00
1.604044345020058699e+03 2.928561742066823967e+02 0.000000000000000000e+00
1.608055742421238847e+03 2.928561742066823967e+02 0.000000000000000000e+00
1.612067139822418994e+03 2.928561742066823967e+02 0.000000000000000000e+00
1.615789942407835952e+03 2.928561742066823967e+02 0.000000000000000000e+00
1.619616751091429705e+03 2.928561742066823967e+02 0.000000000000000000e+00
1.623330724773370093e+03 2.928561742066823967e+02 0.000000000000000000e+00
1.626758977250671251e+03 2.928561742066823967e+02 0.000000000000000000e+00
1.630350710371218611e+03 2.928561742066823967e+02 0.000000000000000000e+00
1.634043061620697472e+03 2.928561742066823967e+02 0.000000000000000000e+00
1.637995187934521255e+03 2.928561742066823967e+02 0.000000000000000000e+00
1.641498694997289704e+03 2.928561742066823967e+02 0.000000000000000000e+00
1.645106930838680228e+03 2.928561742066823967e+02 0.000000000000000000e+00
1.649075788571762587e+03 2.928561742066823967e+02 0.000000000000000000e+00
1.653057129462008788e+03 2.928561742066823967e+02 0.000000000000000000e+00
1.656855314271905854e+03 2.928561742066823967e+02 0.000000000000000000e+00
1.660363702087385718e+03 2.928561742066823967e+02 0.000000000000000000e+00
1.664118666492255443e+03 2.928561742066823967e+02 0.000000000000000000e+00
1.667671232998136247e+03 2.928561742066823967e+02 0.000000000000000000e+00
1.670976325848756005e+03 2.928561742066823967e+02 0.000000000000000000e+00
1.674184126313993829e+03 2.928561742066823967e+02 0.000000000000000000e+00
1.677336413429858794e+03 2.928561742066823967e+02 0.000000000000000000e+00
1.680429039689183810e+03 2.928561742066823967e+02 0.000000000000000000e+00
1.683297326664418279e+03 2.928561742066823967e+02 0.000000000000000000e+00
1.686434823488834354e+03 2.928561742066823967e+02 0.000000000000000000e+00
1.689947992521671267e+03 2.928561742066823967e+02 0.000000000000000000e+00
1.693461161554508180e+03 2.928561742066823967e+02 0.000000000000000000e+00
1.696974330587345094e+03 2.928561742066823967e+02 0.000000000000000000e+00
1.700487499620182007e+03 2.928561742066823967e+02 0.000000000000000000e+00
1.704000668653018920e+03 2.928561742066823967e+02 0.000000000000000000e+00
1.707513837685855833e+03 2.928561742066823967e+02 0.000000000000000000e+00
1.711371529770288134e+03 2.928561742066823967e+02 0.000000000000000000e+00
1.714867518282698711e+03 2.928561742066823967e+02 0.000000000000000000e+00
1.718532851811422233e+03 2.928561742066823967e+02 0.000000000000000000e+00
1.722398292700400589e+03 2.928561742066823967e+02 0.000000000000000000e+00
1.726164246754089618e+03 2.928561742066823967e+02 0.000000000000000000e+00
1.729907778588125666e+03 2.928561742066823967e+02 0.000000000000000000e+00
1.733356494718031399e+03 2.928561742066823967e+02 0.000000000000000000e+00
1.736553226812614184e+03 2.928561742066823967e+02 0.000000000000000000e+00
1.739866277672931801e+03 2.928561742066823967e+02 0.000000000000000000e+00
1.743434354146771284e+03 2.928561742066823967e+02 0.000000000000000000e+00
1.746747894399263259e+03 2.928561742066823967e+02 0.000000000000000000e+00
1.750131478545357368e+03 2.928561742066823967e+02 0.000000000000000000e+00
1.754049175032400626e+03 2.928561742066823967e+02 0.000000000000000000e+00
1.757966871519443885e+03 2.928561742066823967e+02 0.000000000000000000e+00
1.761884568006487143e+03 2.928561742066823967e+02 0.000000000000000000e+00
1.765771528035822939e+03 2.928561742066823967e+02 0.000000000000000000e+00
1.769658488065158735e+03 2.928561742066823967e+02 0.000000000000000000e+00
1.773545448094494532e+03 2.928561742066823967e+02 0.000000000000000000e+00
1.777432408123830328e+03 2.928561742066823967e+02 0.000000000000000000e+00
1.781319368153166124e+03 2.928561742066823967e+02 0.000000000000000000e+00
1.785273989695248247e+03 2.928561742066823967e+02 0.000000000000000000e+00
1.789022748554934878e+03 2.928561742066823967e+02 0.000000000000000000e+00
1.792957861991298614e+03 2.928561742066823967e+02 0.000000000000000000e+00
1.796892975427662350e+03 2.928561742066823967e+02 0.000000000000000000e+00
1.800681220060994065e+03 2.928561742066823967e+02 0.000000000000000000e+00
1.804469464694325779e+03 2.928561742066823967e+02 0.000000000000000000e+00
1.808257709327657494e+03 2.928561742066823967e+02 0.000000000000000000e+00
1.812045953960989209e+03 2.928561742066823967e+02 0.000000000000000000e+00
1.815834198594320924e+03 2.928561742066823967e+02 0.000000000000000000e+00
1.819622443227652639e+03 2.928561742066823967e+02 0.000000000000000000e+00
1.823410687860984353e+03 2.928561742066823967e+02 0.000000000000000000e+00
1.827198932494316068e+03 2.928561742066823967e+02 0.000000000000000000e+00
1.830987177127647783e+03 2.928561742066823967e+02 0.000000000000000000e+00
1.834775421760979498e+03 2.928561742066823967e+02 0.000000000000000000e+00
1.838563666394311213e+03 2.928561742066823967e+02 0.000000000000000000e+00
1.842351911027642927e+03 2.928561742066823967e+02 0.000000000000000000e+00
1.846140155660974642e+03 2.928561742066823967e+02 0.000000000000000000e+00
1.849928400294306357e+03 2.928561742066823967e+02 0.000000000000000000e+00
1.853716644927638072e+03 2.928561742066823967e+02 0.000000000000000000e+00
1.857504889560969787e+03 2.928561742066823967e+02 0.000000000000000000e+00
1.861293134194301501e+03 2.928561742066823967e+02 0.000000000000000000e+00
1.865081378827633216e+03 2.928561742066823967e+02 0.000000000000000000e+00
1.868869623460964931e+03 2.928561742066823967e+02 0.000000000000000000e+00
1.872657868094296646e+03 2.928561742066823967e+02 0.000000000000000000e+00
1.876446112727628361e+03 2.928561742066823967e+02 0.000000000000000000e+00
1.880234357360960075e+03 2.928561742066823967e+02 0.000000000000000000e+00
1.884022601994291790e+03 2.928561742066823967e+02 0.000000000000000000e+00
1.887810846627623505e+03 2.928561742066823967e+02 0.000000000000000000e+00
1.891599091260955220e+03 2.928561742066823967e+02 0.000000000000000000e+00
1.895387335894286934e+03 2.928561742066823967e+02 0.000000000000000000e+00
1.899175580527618649e+03 2.928561742066823967e+02 0.000000000000000000e+00
1.902963825160950364e+03 2.928561742066823967e+02 0.000000000000000000e+00
1.906752069794282079e+03 2.928561742066823967e+02 0.000000000000000000e+00
1.910540314427613794e+03 2.928561742066823967e+02 0.000000000000000000e+00
1.914328559060945508e+03 2.928561742066823967e+02 0.000000000000000000e+00
1.918116803694277223e+03 2.928561742066823967e+02 0.000000000000000000e+00
1.921905048327608938e+03 2.928561742066823967e+02 0.000000000000000000e+00
1.925693292960940653e+03 2.928561742066823967e+02 0.000000000000000000e+00
1.929481537594272368e+03 2.928561742066823967e+02 0.000000000000000000e+00
1.933269782227604082e+03 2.928561742066823967e+02 0.000000000000000000e+00
1.937058026860935797e+03 2.928561742066823967e+02 0.000000000000000000e+00
1.940846271494267512e+03 2.928561742066823967e+02 0.000000000000000000e+00
1.944634516127599227e+03 2.928561742066823967e+02 0.000000000000000000e+00
1.948422760760930942e+03 2.928561742066823967e+02 0.000000000000000000e+00
1.952211005394262656e+03 2.928561742066823967e+02 0.000000000000000000e+00
1.955999250027594371e+03 2.928561742066823967e+02 0.000000000000000000e+00
1.959787494660926086e+03 2.928561742066823967e+02 0.000000000000000000e+00
1.963575739294257801e+03 2.928561742066823967e+02 0.000000000000000000e+00
1.967273899320884539e+03 2.928561742066823967e+02 0.000000000000000000e+00
1.971237816189907790e+03 2.928561742066823967e+02 0.000000000000000000e+00
1.975201733058931040e+03 2.928561742066823967e+02 0.000000000000000000e+00
1.979165649927954291e+03 2.928561742066823967e+02 0.000000000000000000e+00
1.983129566796977542e+03 2.928561742066823967e+02 0.000000000000000000e+00
1.987093483666000793e+03 2.928561742066823967e+02 0.000000000000000000e+00
1.991057400535024044e+03 2.928561742066823967e+02 0.000000000000000000e+00
1.995021317404047295e+03 2.928561742066823967e+02 0.000000000000000000e+00
1.998985234273070546e+03 2.928561742066823967e+02 0.000000000000000000e+00
2.002949151142093797e+03 2.928561742066823967e+02 0.000000000000000000e+00
2.006913068011117048e+03 2.928561742066823967e+02 0.000000000000000000e+00
2.010876984880140299e+03 2.928561742066823967e+02 0.000000000000000000e+00
2.014840901749163550e+03 2.928561742066823967e+02 0.000000000000000000e+00
2.018804818618186800e+03 2.928561742066823967e+02 0.000000000000000000e+00
2.022768735487210051e+03 2.928561742066823967e+02 0.000000000000000000e+00
2.026732652356233302e+03 2.928561742066823967e+02 0.000000000000000000e+00
2.030696569225256553e+03 2.928561742066823967e+02 0.000000000000000000e+00
2.034660486094279804e+03 2.928561742066823967e+02 0.000000000000000000e+00
2.038624402963303055e+03 2.928561742066823967e+02 0.000000000000000000e+00
2.042588319832326306e+03 2.928561742066823967e+02 0.000000000000000000e+00
2.046552236701349557e+03 2.928561742066823967e+02 0.000000000000000000e+00
2.050516153570372808e+03 2.928561742066823967e+02 0.000000000000000000e+00
2.054480070439396059e+03 2.928561742066823967e+02 0.000000000000000000e+00
2.058443987308419310e+03 2.928561742066823967e+02 0.000000000000000000e+00
2.062407904177442560e+03 2.928561742066823967e+02 0.000000000000000000e+00
2.066441858172092907e+03 2.928561742066823967e+02 0.000000000000000000e+00
2.070475812166743253e+03 2.928561742066823967e+02 0.000000000000000000e+00
2.074509766161393600e+03 2.928561742066823967e+02 0.000000000000000000e+00
2.078543720156043946e+03 2.928561742066823967e+02 0.000000000000000000e+00
2.082544994581789524e+03 2.928561742066823967e+02 0.000000000000000000e+00
2.086177534005745656e+03 2.928561742066823967e+02 0.000000000000000000e+00
2.089810073429701788e+03 2.928561742066823967e+02 0.000000000000000000e+00
2.093442612853657920e+03 2.928561742066823967e+02 0.000000000000000000e+00
2.097075152277614052e+03 2.928561742066823967e+02 0.000000000000000000e+00
2.100707691701570184e+03 2.928561742066823967e+02 0.000000000000000000e+00
2.104340231125526316e+03 2.928561742066823967e+02 0.000000000000000000e+00
2.107972770549482448e+03 2.928561742066823967e+02 0.000000000000000000e+00
2.111605309973438580e+03 2.928561742066823967e+02 0.000000000000000000e+00
2.115237849397394712e+03 2.928561742066823967e+02 0.000000000000000000e+00
2.118870388821350844e+03 2.928561742066823967e+02 0.000000000000000000e+00
2.122502928245306975e+03 2.928561742066823967e+02 0.000000000000000000e+00
2.126135467669263107e+03 2.928561742066823967e+02 0.000000000000000000e+00
2.129768007093219239e+03 2.928561742066823967e+02 0.000000000000000000e+00
2.133400546517175371e+03 2.928561742066823967e+02 0.000000000000000000e+00
2.137033085941131503e+03 2.928561742066823967e+02 0.000000000000000000e+00
2.138434900133039719e+03 2.928561742066823967e+02 0.000000000000000000e+00
2.139668894369110149e+03 2.928561742066823967e+02 0.000000000000000000e+00
2.140842370767472858e+03 2.928561742066823967e+02 0.000000000000000000e+00
2.142084567295133638e+03 2.928561742066823967e+02 0.000000000000000000e+00
2.144008696102799604e+03 2.928561742066823967e+02 0.000000000000000000e+00
2.146526621767259712e+03 2.928561742066823967e+02 0.000000000000000000e+00
2.149044547431719820e+03 2.928561742066823967e+02 0.000000000000000000e+00
2.151562473096179929e+03 2.928561742066823967e+02 0.000000000000000000e+00
2.154080398760640037e+03 2.928561742066823967e+02 0.000000000000000000e+00
2.156598324425100145e+03 2.928561742066823967e+02 0.000000000000000000e+00
2.159116250089560253e+03 2.928561742066823967e+02 0.000000000000000000e+00
2.161634175754020362e+03 2.928561742066823967e+02 0.000000000000000000e+00
2.164152101418480470e+03 2.928561742066823967e+02 0.000000000000000000e+00
2.166670027082940578e+03 2.928561742066823967e+02 0.000000000000000000e+00
2.167852276798864750e+03 2.928561742066823967e+02 0.000000000000000000e+00
2.168481593252873154e+03 2.928561742066823967e+02 0.000000000000000000e+00
2.169732018582746150e+03 2.928561742066823967e+02 0.000000000000000000e+00
2.170011985499745151e+03 2.928561742066823967e+02 0.000000000000000000e+00
2.170379788987073425e+03 2.928561742066823967e+02 0.000000000000000000e+00
2.171291012276268702e+03 2.928561742066823967e+02 0.000000000000000000e+00
2.171521910000039952e+03 2.928561742066823967e+02 0.000000000000000000e+00
2.171734000017340804e+03 2.928561742066823967e+02 0.000000000000000000e+00
2.172097449576015151e+03 2.928561742066823967e+02 0.000000000000000000e+00
2.172460899134689498e+03 2.928561742066823967e+02 0.000000000000000000e+00
2.172824348693363845e+03 2.928561742066823967e+02 0.000000000000000000e+00
2.173187798252038192e+03 2.928561742066823967e+02 0.000000000000000000e+00
2.173551247810712539e+03 2.928561742066823967e+02 0.000000000000000000e+00
2.173914697369386886e+03 2.928561742066823967e+02 0.000000000000000000e+00
2.174278146928061233e+03 2.928561742066823967e+02 0.000000000000000000e+00
2.174641596486735580e+03 2.928561742066823967e+02 0.000000000000000000e+00
2.175005046045409927e+03 2.928561742066823967e+02 0.000000000000000000e+00
2.175368495604084274e+03 2.928561742066823967e+02 0.000000000000000000e+00
2.176674737226262096e+03 2.928561742066823967e+02 0.000000000000000000e+00
2.177043435605951800e+03 2.928561742066823967e+02 0.000000000000000000e+00
2.177407278851960655e+03 2.928561742066823967e+02 0.000000000000000000e+00
2.177657319604941677e+03 2.928561742066823967e+02 0.000000000000000000e+00
2.177881186251722283e+03 2.928561742066823967e+02 0.000000000000000000e+00
2.178189901829779046e+03 2.928561742066823967e+02 0.000000000000000000e+00
2.178455956720137237e+03 2.928561742066823967e+02 0.000000000000000000e+00
2.178829745709642793e+03 2.928561742066823967e+02 0.000000000000000000e+00
2.179324906247347826e+03 2.928561742066823967e+02 0.000000000000000000e+00
2.179859360807978192e+03 2.928561742066823967e+02 0.000000000000000000e+00
2.180392314836110017e+03 2.928561742066823967e+02 0.000000000000000000e+00
2.180728182894731617e+03 2.928561742066823967e+02 0.000000000000000000e+00
2.180778456953050863e+03 2.928561742066823967e+02 0.000000000000000000e+00
2.180859858090834678e+03 2.928561742066823967e+02 0.000000000000000000e+00
2.181305684703861061e+03 2.928561742066823967e+02 0.000000000000000000e+00
2.183781377907788738e+03 2.928561742066823967e+02 0.000000000000000000e+00
2.186257071111716414e+03 2.928561742066823967e+02 0.000000000000000000e+00
2.188732764315644090e+03 2.928561742066823967e+02 0.000000000000000000e+00
2.191208457519571766e+03 2.928561742066823967e+02 0.000000000000000000e+00
2.193684150723499442e+03 2.928561742066823967e+02 0.000000000000000000e+00
2.196159843927427119e+03 2.928561742066823967e+02 0.000000000000000000e+00
2.198635537131354795e+03 2.928561742066823967e+02 0.000000000000000000e+00
2.199087798671784640e+03 2.928561742066823967e+02 0.000000000000000000e+00
2.199707950253424315e+03 2.928561742066823967e+02 0.000000000000000000e+00
2.200311308222308071e+03 2.928561742066823967e+02 0.000000000000000000e+00
2.200583199593678273e+03 2.928561742066823967e+02 0.000000000000000000e+00
2.201184488656786016e+03 2.928561742066823967e+02 0.000000000000000000e+00
2.202351465946747794e+03 2.928561742066823967e+02 0.000000000000000000e+00
2.204143084405917762e+03 2.928561742066823967e+02 0.000000000000000000e+00
2.206350777808961539e+03 2.928561742066823967e+02 0.000000000000000000e+00
2.209334317446378464e+03 2.928561742066823967e+02 0.000000000000000000e+00
2.212317857083795388e+03 2.928561742066823967e+02 0.000000000000000000e+00
2.215301396721212313e+03 2.928561742066823967e+02 0.000000000000000000e+00
2.218284936358629238e+03 2.928561742066823967e+02 0.000000000000000000e+00
2.221268475996046163e+03 2.928561742066823967e+02 0.000000000000000000e+00
2.224252015633463088e+03 2.928561742066823967e+02 0.000000000000000000e+00
2.227235555270880013e+03 2.928561742066823967e+02 0.000000000000000000e+00
2.230369702890126518e+03 2.928561742066823967e+02 0.000000000000000000e+00
2.232825766668172491e+03 2.928561742066823967e+02 0.000000000000000000e+00
2.234719661321126750e+03 2.928561742066823967e+02 0.000000000000000000e+00
2.236732729050966100e+03 2.928561742066823967e+02 0.000000000000000000e+00
2.237908871984999223e+03 2.928561742066823967e+02 0.000000000000000000e+00
2.238888476670032105e+03 2.928561742066823967e+02 0.000000000000000000e+00
2.240512829611321649e+03 2.928561742066823967e+02 0.000000000000000000e+00
2.243095651477819047e+03 2.928561742066823967e+02 0.000000000000000000e+00
2.245678473344316444e+03 2.928561742066823967e+02 0.000000000000000000e+00
2.248261295210813842e+03 2.928561742066823967e+02 0.000000000000000000e+00
2.250844117077311239e+03 2.928561742066823967e+02 0.000000000000000000e+00
2.253426938943808636e+03 2.928561742066823967e+02 0.000000000000000000e+00
2.256009760810306034e+03 2.928561742066823967e+02 0.000000000000000000e+00
2.258592582676803431e+03 2.928561742066823967e+02 0.000000000000000000e+00
2.261175404543300829e+03 2.928561742066823967e+02 0.000000000000000000e+00
2.263758226409798226e+03 2.928561742066823967e+02 0.000000000000000000e+00
2.266341048276295624e+03 2.928561742066823967e+02 0.000000000000000000e+00
2.268922984519205329e+03 2.929238057940279418e+02 0.000000000000000000e+00
2.271504943526382704e+03 2.929905626611776484e+02 0.000000000000000000e+00
2.273339168977233840e+03 2.930407212177188399e+02 0.000000000000000000e+00
2.275311861600606335e+03 2.930977797327926169e+02 0.000000000000000000e+00
2.277764753350151750e+03 2.931730306606792169e+02 0.000000000000000000e+00
2.279553404652388053e+03 2.932308492466464713e+02 0.000000000000000000e+00
2.281856959819938766e+03 2.933096414994747079e+02 0.000000000000000000e+00
2.283734899373710505e+03 2.933779516003654635e+02 0.000000000000000000e+00
2.285784922291702060e+03 2.934572020626723656e+02 0.000000000000000000e+00
2.287155877436261562e+03 2.935137347720333878e+02 0.000000000000000000e+00
2.289069984477204798e+03 2.935979792241293467e+02 0.000000000000000000e+00
2.291730879129378081e+03 2.937227598945962086e+02 0.000000000000000000e+00
2.293686065715539371e+03 2.938202253093384684e+02 0.000000000000000000e+00
2.296133394973802751e+03 2.939504112617989335e+02 0.000000000000000000e+00
2.299409051945679039e+03 2.941370914026325067e+02 0.000000000000000000e+00
2.302057246207529715e+03 2.942986009084121974e+02 0.000000000000000000e+00
2.304725826348629198e+03 2.944727556734719087e+02 0.000000000000000000e+00
2.308457899615769293e+03 2.947306528812329702e+02 0.000000000000000000e+00
2.312447135817550588e+03 2.950201226025776577e+02 0.000000000000000000e+00
2.316435444295515936e+03 2.953221055123075303e+02 0.000000000000000000e+00
2.320487718491936448e+03 2.956411180329014883e+02 0.000000000000000000e+00
2.324539144874192061e+03 2.959707229789120788e+02 0.000000000000000000e+00
2.328589747906041339e+03 2.963102965786580398e+02 0.000000000000000000e+00
2.332639521361389143e+03 2.966596246646049053e+02 0.000000000000000000e+00
2.336688508877768982e+03 2.970179474847971051e+02 0.000000000000000000e+00
2.340477493728707941e+03 2.973602864996059338e+02 0.000000000000000000e+00
2.344265894177559858e+03 2.977090331710529085e+02 0.000000000000000000e+00
2.348053384818543691e+03 2.980675256342464081e+02 0.000000000000000000e+00
2.351840328509026222e+03 2.984317504093785374e+02 0.000000000000000000e+00
2.355626736824202908e+03 2.988014993410437228e+02 0.000000000000000000e+00
2.359412059054625843e+03 2.991822063328020818e+02 0.000000000000000000e+00
2.363197036302947708e+03 2.995663279689941874e+02 0.000000000000000000e+00
2.366981464923022031e+03 2.999558176624014436e+02 0.000000000000000000e+00
2.370765073510729962e+03 3.003531943813086968e+02 0.000000000000000000e+00
2.374548651279805199e+03 3.007508644292955751e+02 0.000000000000000000e+00
2.378332229048880436e+03 3.011485344772824533e+02 0.000000000000000000e+00
2.382115806817955672e+03 3.015462045252693315e+02 0.000000000000000000e+00
2.385899384587030909e+03 3.019438745732562097e+02 0.000000000000000000e+00
2.389703803360208440e+03 3.019438745732562097e+02 0.000000000000000000e+00
2.393508222133385971e+03 3.019438745732562097e+02 0.000000000000000000e+00
2.397312640906563502e+03 3.019438745732562097e+02 0.000000000000000000e+00
2.401117059679741033e+03 3.019438745732562097e+02 0.000000000000000000e+00
2.405214968567827327e+03 3.019438745732562097e+02 0.000000000000000000e+00
2.409312877455913622e+03 3.019438745732562097e+02 0.000000000000000000e+00
2.413410786343999916e+03 3.019438745732562097e+02 0.000000000000000000e+00
2.417508695232086211e+03 3.019438745732562097e+02 0.000000000000000000e+00
2.421606604120172506e+03 3.019438745732562097e+02 0.000000000000000000e+00
2.425704513008258800e+03 3.019438745732562097e+02 0.000000000000000000e+00
2.429802421896345095e+03 3.019438745732562097e+02 0.000000000000000000e+00
2.433900330784431389e+03 3.019438745732562097e+02 0.000000000000000000e+00
2.437998239672517684e+03 3.019438745732562097e+02 0.000000000000000000e+00
2.442096148560603979e+03 3.019438745732562097e+02 0.000000000000000000e+00
2.446194057448690273e+03 3.019438745732562097e+02 0.000000000000000000e+00
2.450227359645708020e+03 3.019438745732562097e+02 0.000000000000000000e+00
2.454260661842725767e+03 3.019438745732562097e+02 0.000000000000000000e+00
2.458293964039743514e+03 3.019438745732562097e+02 0.000000000000000000e+00
2.462327266236761261e+03 3.019438745732562097e+02 0.000000000000000000e+00
2.466360568433779008e+03 3.019438745732562097e+02 0.000000000000000000e+00
2.470393870630796755e+03 3.019438745732562097e+02 0.000000000000000000e+00
2.474427172827814502e+03 3.019438745732562097e+02 0.000000000000000000e+00
2.478075947957468998e+03 3.019438745732562097e+02 0.000000000000000000e+00
2.481703050472550785e+03 3.019438745732562097e+02 0.000000000000000000e+00
2.485753626083125710e+03 3.019438745732562097e+02 0.000000000000000000e+00
2.489804201693700634e+03 3.019438745732562097e+02 0.000000000000000000e+00
2.493854777304275558e+03 3.019438745732562097e+02 0.000000000000000000e+00
2.497905352914850482e+03 3.019438745732562097e+02 0.000000000000000000e+00
2.501955928525425406e+03 3.019438745732562097e+02 0.000000000000000000e+00
2.506006504136000331e+03 3.019438745732562097e+02 0.000000000000000000e+00
2.510057079746575255e+03 3.019438745732562097e+02 0.000000000000000000e+00
2.514107655357150179e+03 3.019438745732562097e+02 0.000000000000000000e+00
2.518158230967725103e+03 3.019438745732562097e+02 0.000000000000000000e+00
2.522208806578300027e+03 3.019438745732562097e+02 0.000000000000000000e+00
2.526259382188874952e+03 3.019438745732562097e+02 0.000000000000000000e+00
2.530309957799449876e+03 3.019438745732562097e+02 0.000000000000000000e+00
2.534360533410024800e+03 3.019438745732562097e+02 0.000000000000000000e+00
2.538266628964403935e+03 3.019438745732562097e+02 0.000000000000000000e+00
2.542086435347167480e+03 3.019438745732562097e+02 0.000000000000000000e+00
2.545866845256007764e+03 3.019438745732562097e+02 0.000000000000000000e+00
2.549647255164848048e+03 3.019438745732562097e+02 0.000000000000000000e+00
2.553427665073688331e+03 3.019438745732562097e+02 0.000000000000000000e+00
2.557270636931923946e+03 3.019438745732562097e+02 0.000000000000000000e+00
2.560732090368664103e+03 3.019438745732562097e+02 0.000000000000000000e+00
2.564494093299640554e+03 3.019438745732562097e+02 0.000000000000000000e+00
2.568074536055868521e+03 3.019438745732562097e+02 0.000000000000000000e+00
2.571531397331861626e+03 3.019438745732562097e+02 0.000000000000000000e+00
2.574895753599500040e+03 3.019438745732562097e+02 0.000000000000000000e+00
2.578040795707313009e+03 3.019438745732562097e+02 0.000000000000000000e+00
2.581437539437768464e+03 3.019438745732562097e+02 0.000000000000000000e+00
2.584590157799591907e+03 3.019438745732562097e+02 0.000000000000000000e+00
2.588623591088852208e+03 3.019438745732562097e+02 0.000000000000000000e+00
2.592657024378112510e+03 3.019438745732562097e+02 0.000000000000000000e+00
2.596690457667372812e+03 3.019438745732562097e+02 0.000000000000000000e+00
2.600723890956633113e+03 3.019438745732562097e+02 0.000000000000000000e+00
2.604808014400216507e+03 3.019438745732562097e+02 0.000000000000000000e+00
2.608892137843799901e+03 3.019438745732562097e+02 0.000000000000000000e+00
2.612976261287383295e+03 3.019438745732562097e+02 0.000000000000000000e+00
2.617060384730966689e+03 3.019438745732562097e+02 0.000000000000000000e+00
2.621144508174550083e+03 3.019438745732562097e+02 0.000000000000000000e+00
2.625228631618133477e+03 3.019438745732562097e+02 0.000000000000000000e+00
2.629142140983082299e+03 3.019438745732562097e+02 0.000000000000000000e+00
2.632777167641491360e+03 3.019438745732562097e+02 0.000000000000000000e+00
2.636728303007555496e+03 3.019438745732562097e+02 0.000000000000000000e+00
2.640679438373619632e+03 3.019438745732562097e+02 0.000000000000000000e+00
2.644630573739683769e+03 3.019438745732562097e+02 0.000000000000000000e+00
2.648581709105747905e+03 3.019438745732562097e+02 0.000000000000000000e+00
2.652532844471812041e+03 3.019438745732562097e+02 0.000000000000000000e+00
2.656483979837876177e+03 3.019438745732562097e+02 0.000000000000000000e+00
2.660435115203940313e+03 3.019438745732562097e+02 0.000000000000000000e+00
2.664297115604667397e+03 3.019438745732562097e+02 0.000000000000000000e+00
2.668080723491934805e+03 3.019438745732562097e+02 0.000000000000000000e+00
2.671840162201033763e+03 3.019438745732562097e+02 0.000000000000000000e+00
2.675323605591239357e+03 3.019438745732562097e+02 0.000000000000000000e+00
2.678807048981444950e+03 3.019438745732562097e+02 0.000000000000000000e+00
2.682290492371650544e+03 3.019438745732562097e+02 0.000000000000000000e+00
2.685773935761856137e+03 3.019438745732562097e+02 0.000000000000000000e+00
2.689257379152061731e+03 3.019438745732562097e+02 0.000000000000000000e+00
2.692740822542267324e+03 3.019438745732562097e+02 0.000000000000000000e+00
2.696224265932472917e+03 3.019438745732562097e+02 0.000000000000000000e+00
2.699707709322678511e+03 3.019438745732562097e+02 0.000000000000000000e+00
2.703191152712884104e+03 3.019438745732562097e+02 0.000000000000000000e+00
2.706674596103089698e+03 3.019438745732562097e+02 0.000000000000000000e+00
2.710158039493295291e+03 3.019438745732562097e+02 0.000000000000000000e+00
2.713641482883500885e+03 3.019438745732562097e+02 0.000000000000000000e+00
2.717124926273706478e+03 3.019438745732562097e+02 0.000000000000000000e+00
2.720608369663912072e+03 3.019438745732562097e+02 0.000000000000000000e+00
2.724091813054117665e+03 3.019438745732562097e+02 0.000000000000000000e+00
2.727697905163915038e+03 3.019438745732562097e+02 0.000000000000000000e+00
2.730969594197755669e+03 3.019438745732562097e+02 0.000000000000000000e+00
2.734415569399413016e+03 3.019438745732562097e+02 0.000000000000000000e+00
2.737972101231112902e+03 3.019438745732562097e+02 0.000000000000000000e+00
2.741528633062812787e+03 3.019438745732562097e+02 0.000000000000000000e+00
2.745085164894512673e+03 3.019438745732562097e+02 0.000000000000000000e+00
2.749048565202521331e+03 3.019438745732562097e+02 0.000000000000000000e+00
2.753011965510529990e+03 3.019438745732562097e+02 0.000000000000000000e+00
2.756975365818538648e+03 3.019438745732562097e+02 0.000000000000000000e+00
2.760938766126547307e+03 3.019438745732562097e+02 0.000000000000000000e+00
2.764902166434555966e+03 3.019438745732562097e+02 0.000000000000000000e+00
2.768865566742564624e+03 3.019438745732562097e+02 0.000000000000000000e+00
2.772828967050573283e+03 3.019438745732562097e+02 0.000000000000000000e+00
2.776646873478329326e+03 3.019438745732562097e+02 0.000000000000000000e+00
2.780464779906085369e+03 3.019438745732562097e+02 0.000000000000000000e+00
2.784507680442481160e+03 3.019438745732562097e+02 0.000000000000000000e+00
2.787451131969614835e+03 3.019438745732562097e+02 0.000000000000000000e+00
2.790495947159006391e+03 3.019438745732562097e+02 0.000000000000000000e+00
2.793849596891701822e+03 3.019438745732562097e+02 0.000000000000000000e+00
2.797447750631654344e+03 3.019438745732562097e+02 0.000000000000000000e+00
2.801181700150881170e+03 3.019438745732562097e+02 0.000000000000000000e+00
2.804958532850843312e+03 3.019438745732562097e+02 0.000000000000000000e+00
2.808670942679253585e+03 3.019438745732562097e+02 0.000000000000000000e+00
2.812329244334274335e+03 3.019438745732562097e+02 0.000000000000000000e+00
2.816261148064182635e+03 3.019438745732562097e+02 0.000000000000000000e+00
2.820356816187203549e+03 3.019438745732562097e+02 0.000000000000000000e+00
2.824306739191230463e+03 3.019438745732562097e+02 0.000000000000000000e+00
2.828185803166882579e+03 3.019438745732562097e+02 0.000000000000000000e+00
2.832064867142534695e+03 3.019438745732562097e+02 0.000000000000000000e+00
2.835850372937495194e+03 3.019438745732562097e+02 0.000000000000000000e+00
2.838898248924806467e+03 3.019438745732562097e+02 0.000000000000000000e+00
2.841764018408199718e+03 3.019438745732562097e+02 0.000000000000000000e+00
2.844897372818708845e+03 3.019438745732562097e+02 0.000000000000000000e+00
2.848125294364314414e+03 3.019438745732562097e+02 0.000000000000000000e+00
2.851221762224867689e+03 3.019438745732562097e+02 0.000000000000000000e+00
2.853816981878923343e+03 3.019438745732562097e+02 0.000000000000000000e+00
2.856436538624981495e+03 3.019438745732562097e+02 0.000000000000000000e+00
2.858879580603667364e+03 3.019438745732562097e+02 0.000000000000000000e+00
2.861370568569434909e+03 3.019438745732562097e+02 0.000000000000000000e+00
2.864014696090566758e+03 3.019438745732562097e+02 0.000000000000000000e+00
2.867049035733091387e+03 3.019438745732562097e+02 0.000000000000000000e+00
2.870611940444754964e+03 3.019438745732562097e+02 0.000000000000000000e+00
2.874174845156418542e+03 3.019438745732562097e+02 0.000000000000000000e+00
2.877737749868082119e+03 3.019438745732562097e+02 0.000000000000000000e+00
2.880853932645640725e+03 3.019438745732562097e+02 0.000000000000000000e+00
2.883880162061996089e+03 3.019438745732562097e+02 0.000000000000000000e+00
2.886868048983065819e+03 3.019438745732562097e+02 0.000000000000000000e+00
2.890049033388398129e+03 3.019438745732562097e+02 0.000000000000000000e+00
2.893919278237126491e+03 3.019438745732562097e+02 0.000000000000000000e+00
2.897652752286246596e+03 3.019438745732562097e+02 0.000000000000000000e+00
2.901386226335366700e+03 3.019438745732562097e+02 0.000000000000000000e+00
2.905119700384486805e+03 3.019438745732562097e+02 0.000000000000000000e+00
2.908853174433606910e+03 3.019438745732562097e+02 0.000000000000000000e+00
2.912586648482727014e+03 3.019438745732562097e+02 0.000000000000000000e+00
2.916320122531847119e+03 3.019438745732562097e+02 0.000000000000000000e+00
2.920053596580967223e+03 3.019438745732562097e+02 0.000000000000000000e+00
2.923787070630087328e+03 3.019438745732562097e+02 0.000000000000000000e+00
2.927520544679207433e+03 3.019438745732562097e+02 0.000000000000000000e+00
2.931254018728327537e+03 3.019438745732562097e+02 0.000000000000000000e+00
2.934987492777447642e+03 3.019438745732562097e+02 0.000000000000000000e+00
2.938720966826567746e+03 3.019438745732562097e+02 0.000000000000000000e+00
2.942454440875687851e+03 3.019438745732562097e+02 0.000000000000000000e+00
2.946187914924807956e+03 3.019438745732562097e+02 0.000000000000000000e+00
2.949921388973928060e+03 3.019438745732562097e+02 0.000000000000000000e+00
2.953654863023048165e+03 3.019438745732562097e+02 0.000000000000000000e+00
2.957388337072168270e+03 3.019438745732562097e+02 0.000000000000000000e+00
2.961121811121288374e+03 3.019438745732562097e+02 0.000000000000000000e+00
2.964855285170408479e+03 3.019438745732562097e+02 0.000000000000000000e+00
2.968588759219528583e+03 3.019438745732562097e+02 0.000000000000000000e+00
2.972322233268648688e+03 3.019438745732562097e+02 0.000000000000000000e+00
2.976055707317768793e+03 3.019438745732562097e+02 0.000000000000000000e+00
2.980145078990918591e+03 3.019438745732562097e+02 0.000000000000000000e+00
2.984234450664068390e+03 3.019438745732562097e+02 0.000000000000000000e+00
2.988323822337218189e+03 3.019438745732562097e+02 0.000000000000000000e+00
2.992413194010367988e+03 3.019438745732562097e+02 0.000000000000000000e+00
2.995863052180496197e+03 3.019438745732562097e+02 0.000000000000000000e+00
2.999625243951187713e+03 3.019438745732562097e+02 0.000000000000000000e+00
3.003718548454669417e+03 3.019438745732562097e+02 0.000000000000000000e+00
3.007811852958151121e+03 3.019438745732562097e+02 0.000000000000000000e+00
3.011704241982725307e+03 3.019438745732562097e+02 0.000000000000000000e+00
3.015596631007299493e+03 3.019438745732562097e+02 0.000000000000000000e+00
3.019489020031873679e+03 3.019438745732562097e+02 0.000000000000000000e+00
3.023381409056447865e+03 3.019438745732562097e+02 0.000000000000000000e+00
3.027273798081022051e+03 3.019438745732562097e+02 0.000000000000000000e+00
3.031166187105596237e+03 3.019438745732562097e+02 0.000000000000000000e+00
3.035058576130170422e+03 3.019438745732562097e+02 0.000000000000000000e+00
3.038950965154744608e+03 3.019438745732562097e+02 0.000000000000000000e+00
3.042843354179318794e+03 3.019438745732562097e+02 0.000000000000000000e+00
3.046735743203892980e+03 3.019438745732562097e+02 0.000000000000000000e+00
3.050628132228467166e+03 3.019438745732562097e+02 0.000000000000000000e+00
3.054520521253041352e+03 3.019438745732562097e+02 0.000000000000000000e+00
3.058412910277615538e+03 3.019438745732562097e+02 0.000000000000000000e+00
3.062305299302189724e+03 3.019438745732562097e+02 0.000000000000000000e+00
3.066197688326763910e+03 3.019438745732562097e+02 0.000000000000000000e+00
3.070090077351338095e+03 3.019438745732562097e+02 0.000000000000000000e+00
3.073982466375912281e+03 3.019438745732562097e+02 0.000000000000000000e+00
3.077874855400486467e+03 3.019438745732562097e+02 0.000000000000000000e+00
3.081767244425060653e+03 3.019438745732562097e+02 0.000000000000000000e+00
3.085659633449634839e+03 3.019438745732562097e+02 0.000000000000000000e+00
3.089552022474209025e+03 3.019438745732562097e+02 0.000000000000000000e+00
3.093444411498783211e+03 3.019438745732562097e+02 0.000000000000000000e+00
3.097336800523357397e+03 3.019438745732562097e+02 0.000000000000000000e+00
3.101229189547931583e+03 3.019438745732562097e+02 0.000000000000000000e+00
3.105121578572505769e+03 3.019438745732562097e+02 0.000000000000000000e+00
3.109013967597079954e+03 3.019438745732562097e+02 0.000000000000000000e+00
3.112906356621654140e+03 3.019438745732562097e+02 0.000000000000000000e+00
3.116798745646228326e+03 3.019438745732562097e+02 0.000000000000000000e+00
3.120691134670802512e+03 3.019438745732562097e+02 0.000000000000000000e+00
3.124583523695376698e+03 3.019438745732562097e+02 0.000000000000000000e+00
3.128475912719950884e+03 3.019438745732562097e+02 0.000000000000000000e+00
3.132368301744525070e+03 3.019438745732562097e+02 0.000000000000000000e+00
3.136260690769099256e+03 3.019438745732562097e+02 0.000000000000000000e+00
3.140153079793673442e+03 3.019438745732562097e+02 0.000000000000000000e+00
3.144045468818247627e+03 3.019438745732562097e+02 0.000000000000000000e+00
3.147937857842821813e+03 3.019438745732562097e+02 0.000000000000000000e+00
3.151830246867395999e+03 3.019438745732562097e+02 0.000000000000000000e+00
3.155722635891970185e+03 3.019438745732562097e+02 0.000000000000000000e+00
3.159615024916544371e+03 3.019438745732562097e+02 0.000000000000000000e+00
3.163507413941118557e+03 3.019438745732562097e+02 0.000000000000000000e+00
3.167399802965692743e+03 3.019438745732562097e+02 0.000000000000000000e+00
3.171292191990266929e+03 3.019438745732562097e+02 0.000000000000000000e+00
3.175184581014841115e+03 3.019438745732562097e+02 0.000000000000000000e+00
3.179076970039415301e+03 3.019438745732562097e+02 0.000000000000000000e+00
3.182969359063989486e+03 3.019438745732562097e+02 0.000000000000000000e+00
3.186861748088563672e+03 3.019438745732562097e+02 0.000000000000000000e+00
3.190754137113137858e+03 3.019438745732562097e+02 0.000000000000000000e+00
3.194646526137712044e+03 3.019438745732562097e+02 0.000000000000000000e+00
3.198538915162286230e+03 3.019438745732562097e+02 0.000000000000000000e+00
3.202431304186860416e+03 3.019438745732562097e+02 0.000000000000000000e+00
3.206323693211434602e+03 3.019438745732562097e+02 0.000000000000000000e+00
3.210216082236008788e+03 3.019438745732562097e+02 0.000000000000000000e+00
3.214108471260582974e+03 3.019438745732562097e+02 0.000000000000000000e+00
3.218000860285157160e+03 3.019438745732562097e+02 0.000000000000000000e+00
3.221893249309731345e+03 3.019438745732562097e+02 0.000000000000000000e+00
3.225785638334305531e+03 3.019438745732562097e+02 0.000000000000000000e+00
3.229678027358879717e+03 3.019438745732562097e+02 0.000000000000000000e+00
3.233570416383453903e+03 3.019438745732562097e+02 0.000000000000000000e+00
3.237462805408028089e+03 3.019438745732562097e+02 0.000000000000000000e+00
3.241355194432602275e+03 3.019438745732562097e+02 0.000000000000000000e+00
3.245247583457176461e+03 3.019438745732562097e+02 0.000000000000000000e+00
3.249139972481750647e+03 3.019438745732562097e+02 0.000000000000000000e+00
3.253032361506324833e+03 3.019438745732562097e+02 0.000000000000000000e+00
3.256924750530899018e+03 3.019438745732562097e+02 0.000000000000000000e+00
3.260851226812449113e+03 3.019438745732562097e+02 0.000000000000000000e+00
3.264600078132343242e+03 3.019438745732562097e+02 0.000000000000000000e+00
3.268349716531756712e+03 3.019438745732562097e+02 0.000000000000000000e+00
3.272059201853583545e+03 3.019438745732562097e+02 0.000000000000000000e+00
3.275451071604387380e+03 3.019438745732562097e+02 0.000000000000000000e+00
3.278656649780795760e+03 3.019438745732562097e+02 0.000000000000000000e+00
3.281469624549487889e+03 3.019438745732562097e+02 0.000000000000000000e+00
3.284284874914904321e+03 3.019438745732562097e+02 0.000000000000000000e+00
3.286931300691857359e+03 3.019438745732562097e+02 0.000000000000000000e+00
3.289411209326452990e+03 3.019438745732562097e+02 0.000000000000000000e+00
3.291783539271857535e+03 3.019438745732562097e+02 0.000000000000000000e+00
3.294176283602948388e+03 3.019438745732562097e+02 0.000000000000000000e+00
3.296521658308566657e+03 3.019438745732562097e+02 0.000000000000000000e+00
3.298781236017779065e+03 3.019438745732562097e+02 0.000000000000000000e+00
3.301051181535166052e+03 3.019438745732562097e+02 0.000000000000000000e+00
3.303503193760625436e+03 3.019438745732562097e+02 0.000000000000000000e+00
3.305934591343722332e+03 3.019438745732562097e+02 0.000000000000000000e+00
3.308245011232312208e+03 3.019438745732562097e+02 0.000000000000000000e+00
3.310727780676565999e+03 3.019438745732562097e+02 0.000000000000000000e+00
3.313318267128091520e+03 3.019438745732562097e+02 0.000000000000000000e+00
3.315903790662477604e+03 3.019438745732562097e+02 0.000000000000000000e+00
3.318627358142346111e+03 3.019438745732562097e+02 0.000000000000000000e+00
3.321321603604197207e+03 3.019438745732562097e+02 0.000000000000000000e+00
3.324111657329626269e+03 3.019438745732562097e+02 0.000000000000000000e+00
3.326994790817402190e+03 3.019438745732562097e+02 0.000000000000000000e+00
3.329556246868733524e+03 3.019438745732562097e+02 0.000000000000000000e+00
3.331915543052026351e+03 3.019438745732562097e+02 0.000000000000000000e+00
3.334193460521133147e+03 3.019438745732562097e+02 0.000000000000000000e+00
3.336442690963701807e+03 3.019438745732562097e+02 0.000000000000000000e+00
3.338623100920797697e+03 3.019438745732562097e+02 0.000000000000000000e+00
3.340859457944550741e+03 3.019438745732562097e+02 0.000000000000000000e+00
3.343269324716004576e+03 3.019438745732562097e+02 0.000000000000000000e+00
3.345591208747984183e+03 3.019438745732562097e+02 0.000000000000000000e+00
3.347921355987900824e+03 3.019438745732562097e+02 0.000000000000000000e+00
3.350310253562904109e+03 3.019438745732562097e+02 0.000000000000000000e+00
3.352611911530354519e+03 3.019438745732562097e+02 0.000000000000000000e+00
3.354893359601308475e+03 3.019438745732562097e+02 0.000000000000000000e+00
3.357228760631530349e+03 3.019438745732562097e+02 0.000000000000000000e+00
3.359574741320459907e+03 3.019438745732562097e+02 0.000000000000000000e+00
3.361711205913371941e+03 3.019438745732562097e+02 0.000000000000000000e+00
3.363952201060264997e+03 3.019438745732562097e+02 0.000000000000000000e+00
3.366113053533121729e+03 3.019438745732562097e+02 0.000000000000000000e+00
3.368158817751206243e+03 3.019438745732562097e+02 0.000000000000000000e+00
3.370218328541204301e+03 3.019438745732562097e+02 0.000000000000000000e+00
3.372316899267457302e+03 3.019438745732562097e+02 0.000000000000000000e+00
3.374568169904932347e+03 3.019438745732562097e+02 0.000000000000000000e+00
3.377093691526785278e+03 3.019438745732562097e+02 0.000000000000000000e+00
3.379779750203773347e+03 3.019438745732562097e+02 0.000000000000000000e+00
3.382783979607308993e+03 3.019438745732562097e+02 0.000000000000000000e+00
3.385991572441049357e+03 3.019438745732562097e+02 0.000000000000000000e+00
3.389208692010206050e+03 3.019438745732562097e+02 0.000000000000000000e+00
3.392394356529824563e+03 3.019438745732562097e+02 0.000000000000000000e+00
3.395180502988994249e+03 3.019438745732562097e+02 0.000000000000000000e+00
3.397743146584220540e+03 3.019438745732562097e+02 0.000000000000000000e+00
3.399959415090866514e+03 3.019438745732562097e+02 0.000000000000000000e+00
3.401899046003669810e+03 3.019438745732562097e+02 0.000000000000000000e+00
3.403865955176428088e+03 3.019438745732562097e+02 0.000000000000000000e+00
3.406196692177131808e+03 3.019438745732562097e+02 0.000000000000000000e+00
3.409334945725277066e+03 3.019438745732562097e+02 0.000000000000000000e+00
3.413067792945607835e+03 3.019438745732562097e+02 0.000000000000000000e+00
3.416769274794738976e+03 3.019438745732562097e+02 0.000000000000000000e+00
3.419902270684678115e+03 3.019438745732562097e+02 0.000000000000000000e+00
3.423046161118436430e+03 3.019438745732562097e+02 0.000000000000000000e+00
3.426181347874448875e+03 3.019438745732562097e+02 0.000000000000000000e+00
3.429279186178941472e+03 3.019438745732562097e+02 0.000000000000000000e+00
3.432289975357253297e+03 3.019438745732562097e+02 0.000000000000000000e+00
3.435633319015778852e+03 3.019438745732562097e+02 0.000000000000000000e+00
3.438919236210397230e+03 3.019438745732562097e+02 0.000000000000000000e+00
3.442562398304000453e+03 3.019438745732562097e+02 0.000000000000000000e+00
3.445471502020620392e+03 3.019438745732562097e+02 0.000000000000000000e+00
3.448539658644930569e+03 3.019438745732562097e+02 0.000000000000000000e+00
3.451623082303592128e+03 3.019438745732562097e+02 0.000000000000000000e+00
3.454604305018227024e+03 3.019438745732562097e+02 0.000000000000000000e+00
3.457992355389645581e+03 3.019438745732562097e+02 0.000000000000000000e+00
3.461180882646441660e+03 3.019438745732562097e+02 0.000000000000000000e+00
3.463957239913748708e+03 3.019438745732562097e+02 0.000000000000000000e+00
3.466869722774090860e+03 3.019438745732562097e+02 0.000000000000000000e+00
3.469337521518127687e+03 3.019438745732562097e+02 0.000000000000000000e+00
3.471624940077202154e+03 3.019438745732562097e+02 0.000000000000000000e+00
3.473947335840832238e+03 3.019438745732562097e+02 0.000000000000000000e+00
3.476242540647023361e+03 3.019438745732562097e+02 0.000000000000000000e+00
3.478552289239250968e+03 3.019438745732562097e+02 0.000000000000000000e+00
3.481197090553633188e+03 3.019438745732562097e+02 0.000000000000000000e+00
3.483506109227297202e+03 3.019438745732562097e+02 0.000000000000000000e+00
3.485717488487694482e+03 3.019438745732562097e+02 0.000000000000000000e+00
3.487858043113638814e+03 3.019438745732562097e+02 0.000000000000000000e+00
3.490051110793138832e+03 3.019438745732562097e+02 0.000000000000000000e+00
3.492267559835758675e+03 3.019438745732562097e+02 0.000000000000000000e+00
3.494226472728802946e+03 3.019438745732562097e+02 0.000000000000000000e+00
3.496047987501620810e+03 3.019438745732562097e+02 0.000000000000000000e+00
3.497409256602934875e+03 3.019438745732562097e+02 0.000000000000000000e+00
3.498395436234414319e+03 3.019438745732562097e+02 0.000000000000000000e+00
3.499290607349430957e+03 3.019438745732562097e+02 0.000000000000000000e+00
3.500220945698336891e+03 3.019438745732562097e+02 0.000000000000000000e+00
3.501520908082118240e+03 3.019438745732562097e+02 0.000000000000000000e+00
3.502462894181860975e+03 3.019438745732562097e+02 0.000000000000000000e+00
3.503206328757567462e+03 3.019438745732562097e+02 0.000000000000000000e+00
3.503994376782491145e+03 3.019438745732562097e+02 0.000000000000000000e+00
3.504684506634006993e+03 3.019438745732562097e+02 0.000000000000000000e+00
3.505361905737652251e+03 3.019438745732562097e+02 0.000000000000000000e+00
3.505914840055400873e+03 3.019438745732562097e+02 0.000000000000000000e+00
3.506499924233655747e+03 3.019438745732562097e+02 0.000000000000000000e+00
3.507223728938072327e+03 3.019438745732562097e+02 0.000000000000000000e+00
3.507856917966125820e+03 3.019438745732562097e+02 0.000000000000000000e+00
3.508491233748560717e+03 3.019438745732562097e+02 0.000000000000000000e+00
3.509039725708126753e+03 3.019438745732562097e+02 0.000000000000000000e+00
