1.711061311857652867e-01 -9.704070678846852260e-01
1.701483716521985379e-01 -9.663330097182919465e-01
1.695894890279812661e-01 -9.649696505610760866e-01
1.689009373704744021e-01 -9.645350774676521022e-01
1.681507397836983775e-01 -9.637282559108182323e-01
1.672026832461948054e-01 -9.636478615904753298e-01
1.656234863318921391e-01 -9.634202184666618152e-01
1.537201455908278058e-01 -9.087901131817301970e-01
1.544302342448071741e-01 -9.374039383402085202e-01
1.514885971485433469e-01 -9.531458860718589055e-01
1.464807966500298597e-01 -9.562777033472857902e-01
1.383911997211598466e-01 -9.593962949780379112e-01
2.197416091762596779e-02 -1.632557662056214887e-01
-3.976855957278090624e-03 3.092273416077549394e-02
9.803958573732116100e-02 -8.446877797876441996e-01
9.343932537305138508e-02 -8.653056445856984746e-01
9.119866057122577585e-02 -9.158741360034226009e-01
8.424712435104736441e-02 -9.663943892649410339e-01
6.879376007289503270e-02 -9.672430168605645751e-01
4.896590831420737089e-02 -9.646013321374424798e-01
2.716070091169599243e-02 -9.529608374297211526e-01
5.747704624491136935e-03 -9.424816451080154645e-01
-1.710124271683048647e-02 -9.323342577675026721e-01
-4.569418491854235209e-02 -9.189328025772685038e-01
-6.630982530074361336e-02 -8.387513630910782281e-01
-8.659616609215774197e-02 -7.945622651410773063e-01
-1.034843383078810769e-01 -7.471582639822065275e-01
-1.179788754095609238e-01 -6.994061752777567254e-01
-1.131352678732413519e-01 -5.688025096347010257e-01
-1.228414113473337704e-01 -5.334265588933310154e-01
-1.296270832890545066e-01 -4.985801968718127641e-01
-1.305003373233788178e-01 -4.522719191962927265e-01
1.032250477879666922e-02 1.900763537357112731e-02
7.109738399898988051e-03 4.887524352014481488e-02
-4.194083636964461570e-02 -1.150623894809508219e-01
-2.064093109914803131e-02 -5.344357217804677346e-02
5.215562397873213518e-02 1.267315288210636159e-01
1.269888291633735136e-02 2.518641422644141148e-02
-7.510059363192716705e-03 -1.510332016165721186e-02
-5.329637357459158543e-03 -1.030520584140121390e-02
-4.742190920664629029e-03 -9.575001024591875062e-03
-1.018304427781462854e-03 -1.849757517331596232e-03
-8.255601318130651595e-04 -1.429912093003489438e-03
-5.790295562252885950e-04 -1.002908610466260496e-03
-3.461201515171206814e-04 -5.994976879510915437e-04
-5.083851381307185387e-04 -8.805488890553270654e-04
-5.551573451732478648e-04 -9.615607280351187117e-04
-5.177532849086119221e-04 -8.967749952474010156e-04
-5.174153260450068759e-04 -8.961896333247688570e-04
-6.978603621371178359e-04 -1.208729603809905037e-03
-5.391406322955011321e-04 -9.338189675606186442e-04
-4.851341874464635911e-04 -8.402770611459190082e-04
-4.704483080520888215e-04 -8.148403718810330728e-04
-5.299991363845970487e-04 -9.179854321857496046e-04
-7.539589717670731623e-04 -1.305895245922960440e-03
-9.189195268000744038e-04 -1.591615308484880652e-03
-1.002779304136975020e-03 -1.736864703543805968e-03
-9.859326581707049137e-04 -1.707685456793100760e-03
-7.542001378398720127e-04 -1.306312957814109938e-03
-4.824949044124168438e-04 -8.357056888353954710e-04
-6.011476700248783627e-04 -1.041218307334740344e-03
-6.359108130953543400e-04 -1.101429837363590699e-03
-5.741088611215199424e-04 -9.943857165379777971e-04
-3.679171774305246400e-04 -6.372512442870026557e-04
-3.600355364213696490e-04 -6.235998416121277168e-04
-5.521150446025584581e-04 -9.562913088747888738e-04
-6.990994421590170918e-04 -1.210875753362478232e-03
-7.490285521093921657e-04 -1.297355508573220682e-03
-6.831747209510890184e-04 -1.183293327133977000e-03
-5.349392248292264259e-04 -9.265419163657315780e-04
-4.734159121565458049e-04 -8.199804129667024937e-04
-5.627267674980188528e-04 -9.746713520855681450e-04
-6.376397138557289351e-04 -1.104424381321803894e-03
-6.774524028167848563e-04 -1.173381981388289461e-03
-6.244957116425535644e-04 -1.081658301673786311e-03
-4.880882526578299535e-04 -8.453936521808771759e-04
-3.945683488114875952e-04 -6.834124272000560328e-04
-4.121826047683536465e-04 -7.139212134548708144e-04
-4.759569824909209578e-04 -8.243816758914462254e-04
-5.172562394277487952e-04 -8.959140872208735777e-04
-4.976712395307440751e-04 -8.619918723330301322e-04
-3.932941412231326134e-04 -6.812054349176353742e-04
-3.547763124099417810e-04 -6.144905984159485012e-04
-2.848097350925787841e-04 -4.933049316705795167e-04
-3.078100673528173835e-04 -5.331426757362782518e-04
-2.505070684536692387e-04 -4.338909702168902076e-04
-2.192048341912600923e-04 -3.796739100839741326e-04
-2.234032307690134113e-04 -3.869457462669662214e-04
-2.111151555800568676e-04 -3.656621757124669256e-04
-1.819744558922308159e-04 -3.151890032850456912e-04
-1.379177547016077006e-04 -2.388805584090061178e-04
-1.526724167489648914e-04 -2.644363827235369992e-04
-1.537901603905661744e-04 -2.663723715006274784e-04
-1.469776778794981253e-04 -2.545728056657832212e-04
-1.273626423573690966e-04 -2.205985675491874338e-04
-1.974485981521296855e-04 -3.419910038827392220e-04
-2.059641612838028230e-04 -3.567403918818574525e-04
-2.205035812560890635e-04 -3.819234059864389072e-04
-3.154858438596461743e-04 -5.464375106336492828e-04
-3.649851583515759004e-04 -6.321728382735021176e-04
-3.560537827726421162e-04 -6.167032419893089291e-04
-3.079606047493924624e-04 -5.334034141555854796e-04
-2.920106402574769639e-04 -5.057772652766682597e-04
-3.731428015753595001e-04 -6.463022908071152251e-04
-5.166397861974042147e-04 -8.948463589054267853e-04
-5.939466135405142193e-04 -1.028745711635648376e-03
-5.714759351459389831e-04 -9.898253549757037289e-04
-4.812462075895338940e-04 -8.335428824949123747e-04
-4.644611892120801915e-04 -8.044703778591852936e-04
-6.487987656274453582e-04 -1.123752425954708352e-03
-8.206681425026239422e-04 -1.421438918967721276e-03
-9.456154586868463366e-04 -1.637854018868167881e-03
-9.635056194269158185e-04 -1.668840686225542096e-03
-8.563760398441488692e-04 -1.483286811394696116e-03
-6.894449781571197495e-04 -1.194153731191347151e-03
-5.826657189369677985e-04 -1.009206629027476279e-03
-7.078374130399087052e-04 -1.226010362883239767e-03
-4.082033093443229927e-04 -7.070288716021234368e-04
-2.128618283973873152e-04 -3.686875017762827173e-04
0.000000000000000000e+00 0.000000000000000000e+00
0.000000000000000000e+00 0.000000000000000000e+00
0.000000000000000000e+00 0.000000000000000000e+00
0.000000000000000000e+00 0.000000000000000000e+00
0.000000000000000000e+00 0.000000000000000000e+00
0.000000000000000000e+00 0.000000000000000000e+00
0.000000000000000000e+00 0.000000000000000000e+00
0.000000000000000000e+00 0.000000000000000000e+00
0.000000000000000000e+00 0.000000000000000000e+00
0.000000000000000000e+00 0.000000000000000000e+00
0.000000000000000000e+00 0.000000000000000000e+00
0.000000000000000000e+00 0.000000000000000000e+00
0.000000000000000000e+00 0.000000000000000000e+00
0.000000000000000000e+00 0.000000000000000000e+00
0.000000000000000000e+00 0.000000000000000000e+00
0.000000000000000000e+00 0.000000000000000000e+00
0.000000000000000000e+00 0.000000000000000000e+00
0.000000000000000000e+00 0.000000000000000000e+00
0.000000000000000000e+00 0.000000000000000000e+00
0.000000000000000000e+00 0.000000000000000000e+00
0.000000000000000000e+00 0.000000000000000000e+00
0.000000000000000000e+00 0.000000000000000000e+00
0.000000000000000000e+00 0.000000000000000000e+00
0.000000000000000000e+00 0.000000000000000000e+00
0.000000000000000000e+00 0.000000000000000000e+00
0.000000000000000000e+00 0.000000000000000000e+00
0.000000000000000000e+00 0.000000000000000000e+00
0.000000000000000000e+00 0.000000000000000000e+00
0.000000000000000000e+00 0.000000000000000000e+00
0.000000000000000000e+00 0.000000000000000000e+00
0.000000000000000000e+00 0.000000000000000000e+00
0.000000000000000000e+00 0.000000000000000000e+00
0.000000000000000000e+00 0.000000000000000000e+00
0.000000000000000000e+00 0.000000000000000000e+00
0.000000000000000000e+00 0.000000000000000000e+00
0.000000000000000000e+00 0.000000000000000000e+00
0.000000000000000000e+00 0.000000000000000000e+00
0.000000000000000000e+00 0.000000000000000000e+00
0.000000000000000000e+00 0.000000000000000000e+00
5.598667704254232068e-03 -4.697840005723875369e-03
3.320928661869527732e-01 -3.230302872884276422e-01
6.407415517068807409e-01 -9.045359686706708757e-01
1.816181089118626413e-01 -9.161266671958766539e-01
7.143091997641947202e-03 9.285512302623794012e-02
-1.875614720341722830e-01 -5.625340606760946827e-01
-1.281845776688399219e-01 -1.742220697590048384e-01
1.479770672780875151e-02 2.691783932298209142e-02
0.000000000000000000e+00 0.000000000000000000e+00
0.000000000000000000e+00 0.000000000000000000e+00
0.000000000000000000e+00 0.000000000000000000e+00
0.000000000000000000e+00 0.000000000000000000e+00
0.000000000000000000e+00 0.000000000000000000e+00
0.000000000000000000e+00 0.000000000000000000e+00
0.000000000000000000e+00 0.000000000000000000e+00
0.000000000000000000e+00 0.000000000000000000e+00
0.000000000000000000e+00 0.000000000000000000e+00
0.000000000000000000e+00 0.000000000000000000e+00
0.000000000000000000e+00 0.000000000000000000e+00
0.000000000000000000e+00 0.000000000000000000e+00
0.000000000000000000e+00 0.000000000000000000e+00
5.448577074329537771e-03 -4.571899013510898925e-03
2.529602204352950912e-01 -2.475956017886394300e-01
-1.136563992950029023e-01 1.591211079311249943e-01
5.120393834681378348e-02 -6.404453301693266432e-02
-4.683454399916660293e-02 -1.613513664012390936e-01
-1.116849122258668503e-01 -5.871172906931145796e-01
-5.024476194204210988e-02 -1.380968905602259489e-01
-1.392798481655655243e-02 -7.756883269632974809e-02
-1.244444933339128451e-01 -2.067690508768668667e-01
-1.605329215180082911e-03 1.073917430248024808e-02
2.654252700157602209e-03 4.597300532799851458e-03
0.000000000000000000e+00 0.000000000000000000e+00
0.000000000000000000e+00 0.000000000000000000e+00
0.000000000000000000e+00 0.000000000000000000e+00
0.000000000000000000e+00 0.000000000000000000e+00
0.000000000000000000e+00 0.000000000000000000e+00
0.000000000000000000e+00 0.000000000000000000e+00
0.000000000000000000e+00 0.000000000000000000e+00
0.000000000000000000e+00 0.000000000000000000e+00
0.000000000000000000e+00 0.000000000000000000e+00
0.000000000000000000e+00 0.000000000000000000e+00
0.000000000000000000e+00 0.000000000000000000e+00
0.000000000000000000e+00 0.000000000000000000e+00
0.000000000000000000e+00 0.000000000000000000e+00
7.632161788352717635e-02 -6.791397429809935271e-02
3.557421429846330807e-01 -4.247080760501120156e-01
2.304966505016567413e-01 -7.633135651688197632e-01
6.564091875565183920e-02 -8.698685426965597767e-01
-5.955504281698446867e-02 -9.917477106410479415e-01
-1.634384813043670837e-01 -4.549963022419279413e-01
-1.113552648120061384e-03 -2.177681926812203433e-02
-3.791832189242620027e-03 -9.296419045527127417e-03
0.000000000000000000e+00 0.000000000000000000e+00
0.000000000000000000e+00 0.000000000000000000e+00
0.000000000000000000e+00 0.000000000000000000e+00
0.000000000000000000e+00 0.000000000000000000e+00
0.000000000000000000e+00 0.000000000000000000e+00
0.000000000000000000e+00 0.000000000000000000e+00
0.000000000000000000e+00 0.000000000000000000e+00
0.000000000000000000e+00 0.000000000000000000e+00
0.000000000000000000e+00 0.000000000000000000e+00
0.000000000000000000e+00 0.000000000000000000e+00
0.000000000000000000e+00 0.000000000000000000e+00
0.000000000000000000e+00 0.000000000000000000e+00
0.000000000000000000e+00 0.000000000000000000e+00
0.000000000000000000e+00 0.000000000000000000e+00
1.598703344631744599e-02 -1.989103551472924669e-02
5.136167383237446454e-02 -1.488272728807847056e-01
2.346137681117803908e-01 -4.586747586684393752e-01
2.083699755035594847e-01 -8.798033046525024492e-01
6.039276811082276708e-02 -6.833917598165606400e-01
-7.878829934061604146e-02 -6.551377445206070238e-01
-1.892418069498436883e-01 -3.929917141246819234e-01
-4.863286117464209191e-02 -4.667693542631717180e-02
1.008120928326873902e-02 1.745620259805194183e-02
0.000000000000000000e+00 0.000000000000000000e+00
0.000000000000000000e+00 0.000000000000000000e+00
0.000000000000000000e+00 0.000000000000000000e+00
0.000000000000000000e+00 0.000000000000000000e+00
0.000000000000000000e+00 0.000000000000000000e+00
0.000000000000000000e+00 0.000000000000000000e+00
0.000000000000000000e+00 0.000000000000000000e+00
0.000000000000000000e+00 0.000000000000000000e+00
0.000000000000000000e+00 0.000000000000000000e+00
0.000000000000000000e+00 0.000000000000000000e+00
0.000000000000000000e+00 0.000000000000000000e+00
0.000000000000000000e+00 0.000000000000000000e+00
0.000000000000000000e+00 0.000000000000000000e+00
8.097917948614479985e-03 -6.794959963986286350e-03
2.596358474514562920e-01 -2.528371689886753093e-01
5.231106150896780438e-01 -6.944376477860840779e-01
3.337524657358365010e-01 -9.060958562626758583e-01
5.270431348111592751e-02 -9.940152329418247001e-01
-2.061638519470798403e-01 -9.266741647252436653e-01
-2.709870774561979334e-01 -6.617594012669522074e-01
-7.853088748701257671e-02 -1.262152970795008544e-01
1.012486333406666800e-02 2.323224827149625998e-02
0.000000000000000000e+00 0.000000000000000000e+00
0.000000000000000000e+00 0.000000000000000000e+00
0.000000000000000000e+00 0.000000000000000000e+00
0.000000000000000000e+00 0.000000000000000000e+00
0.000000000000000000e+00 0.000000000000000000e+00
0.000000000000000000e+00 0.000000000000000000e+00
0.000000000000000000e+00 0.000000000000000000e+00
0.000000000000000000e+00 0.000000000000000000e+00
0.000000000000000000e+00 0.000000000000000000e+00
0.000000000000000000e+00 0.000000000000000000e+00
0.000000000000000000e+00 0.000000000000000000e+00
0.000000000000000000e+00 0.000000000000000000e+00
0.000000000000000000e+00 0.000000000000000000e+00
0.000000000000000000e+00 0.000000000000000000e+00
1.030654838557413903e-02 -8.648220949046051681e-03
3.130851384904616008e-01 -3.095448722238724470e-01
5.442514585884845602e-01 -8.195927781853515892e-01
1.694622006152252391e-01 -8.767463083207042152e-01
2.383340172612716523e-01 -8.530025594084675866e-01
2.314638248259667241e-01 -8.661825659925126430e-01
2.325214709500841859e-01 -8.798600463379337988e-01
2.322573091303160031e-01 -8.884109128596315852e-01
2.256742987489880892e-01 -8.763075290544272145e-01
2.191484956537355089e-01 -8.681237223194153696e-01
2.125297867149103515e-01 -8.617066565199931194e-01
1.479008217136648373e-01 -6.196969126717157827e-01
-7.073734480798440916e-02 2.989774757502059455e-01
1.377017321588540621e-01 -6.098686459062426790e-01
1.401438197277267705e-01 -6.322224651695500519e-01
1.432620760970905183e-01 -6.555606664653710336e-01
1.561067861530880951e-01 -7.254822578093669261e-01
1.952435436347401410e-01 -9.294109643853265545e-01
1.952922991050854984e-01 -9.534314544906895561e-01
1.907290033529460693e-01 -9.548163533104363498e-01
1.865552147562214713e-01 -9.555255169702507878e-01
1.842335169965760855e-01 -9.573937864499617589e-01
1.818723422492542763e-01 -9.593659290770857329e-01
1.799402213963054997e-01 -9.608780551092070965e-01
1.770427347009536079e-01 -9.619836877289034138e-01
1.731599987138714991e-01 -9.627813037455497103e-01
1.692610379494738637e-01 -9.632138654320216986e-01
1.656854185670154078e-01 -9.636397341803647487e-01
1.616898413273230584e-01 -9.643989974024288481e-01
1.569636496246247792e-01 -9.650149928227989005e-01
1.519005774972906342e-01 -9.655502545172096607e-01
1.474171909468871000e-01 -9.662379620830670035e-01
1.420053806127913876e-01 -9.672261054051360940e-01
1.367875830574540041e-01 -9.677988051747766773e-01
1.300207890668241273e-01 -9.683997482369850474e-01
1.232766849591093727e-01 -9.689367797641665891e-01
1.152030748895943868e-01 -9.696692895401055612e-01
1.049692555935220761e-01 -9.700161730611986943e-01
7.686321282310357161e-02 -7.831891836668907203e-01
3.605188948509049224e-02 -4.080136587691810535e-01
2.825935583932285070e-02 -3.745841218225421376e-01
6.093067263263374223e-02 -9.727028351082648294e-01
4.885689587252407817e-02 -9.713168631228932259e-01
3.928925840346025877e-02 -9.722388777779575886e-01
2.990547082501784568e-02 -9.736043734222725732e-01
1.992624608741746031e-02 -9.745314315829403107e-01
7.599727091084752285e-03 -9.749693330683328885e-01
-2.628369145289078702e-03 -9.746256190179753975e-01
-1.350590581192479683e-02 -9.745086737435548763e-01
-2.611545198381658509e-02 -9.741832219769839263e-01
-3.988799974750091570e-02 -9.731360070106164217e-01
-5.492979820958739101e-02 -9.711255654675747806e-01
-6.834593652134600406e-02 -9.697426165366653805e-01
-8.407202265550729747e-02 -9.568915508412849658e-01
-1.028777604234417387e-01 -9.489535316736935622e-01
-1.236164292033921780e-01 -9.322195751378559159e-01
-1.458406512379304965e-01 -8.999962122390388064e-01
-1.606147800210868115e-01 -8.479828435002009224e-01
-1.466877151047229488e-01 -6.853472068532540096e-01
-1.526597520997349244e-01 -6.306070367852487646e-01
-1.539346834444779710e-01 -5.765249881358663897e-01
-1.557779167531047892e-01 -5.241046557101646242e-01
-6.442807894642064992e-02 -2.178030837829892097e-01
8.200327317787217685e-02 2.573363292977602912e-01
-4.095079873282723298e-02 -1.102756145378272212e-01
-3.642172723615055147e-02 -8.998647364313755448e-02
-3.101755268933353155e-02 -7.141677737314866548e-02
-4.610548068173535297e-02 -1.023218008537886969e-01
-4.693183104232030028e-02 -1.041254091104131807e-01
-4.846681271650825351e-02 -1.067801085012268503e-01
-5.361723354313790296e-02 -1.210498053479031055e-01
-6.312706184406835508e-02 -1.455658702110230185e-01
-5.947097600823421371e-02 -1.347256545447440834e-01
-5.692041234824132129e-02 -1.272667136744510263e-01
-5.428777880038557907e-02 -1.205077890485599934e-01
-5.489737282707143895e-02 -1.208537364488452004e-01
-5.419407784872427858e-02 -1.172550626369201487e-01
-5.408985716932070836e-02 -1.136260555982619158e-01
-5.304871777858249232e-02 -1.089467983787671124e-01
-5.138840179863871094e-02 -1.032061670293540068e-01
-5.065533440116095493e-02 -1.006993153327003510e-01
-4.994797995899223630e-02 -9.866460710821947644e-02
-4.975613397368196245e-02 -9.785585341233374312e-02
-4.961930643254424539e-02 -9.775123834065740924e-02
-4.969921385605405306e-02 -9.778320796148162741e-02
-4.974325178657399565e-02 -9.830079252743992302e-02
-5.045814924687744979e-02 -1.004893785757783181e-01
-5.094047902277061557e-02 -1.026183782337867917e-01
-5.117629555371724925e-02 -1.041607054134036092e-01
-5.154353270134259812e-02 -1.057177463973300313e-01
-5.192085503782831180e-02 -1.069599296672913563e-01
-5.204078627286110731e-02 -1.078524491301388888e-01
-5.184261618148559847e-02 -1.084461639573662539e-01
-5.147525361922924286e-02 -1.087452070988375596e-01
-5.095494871673514337e-02 -1.082210450200898066e-01
-5.046144535077900367e-02 -1.073418754329062419e-01
-5.000742353643990168e-02 -1.059984695588834097e-01
-4.924055028992879723e-02 -1.047144615404013712e-01
-4.836167814315225216e-02 -1.029784031269331546e-01
-4.830068488708016972e-02 -1.023336694037893929e-01
-4.850752361470807295e-02 -1.021501394430644749e-01
-4.862511018080446779e-02 -1.022572902215369423e-01
-4.842831238692010820e-02 -1.018374417176279301e-01
-4.791982227655841586e-02 -1.010247491674972076e-01
-4.725774440302897561e-02 -1.001658148445456198e-01
-4.620487651619747949e-02 -9.846819657176864027e-02
-4.501397972452322177e-02 -9.637930976502516456e-02
-4.393791661657320269e-02 -9.401843041841498327e-02
-4.342278309836093697e-02 -9.268925545297151958e-02
-4.302749247044131142e-02 -9.171799390767082505e-02
-4.190490767817061507e-02 -8.930297281214132077e-02
-4.066469018536097990e-02 -8.652149730280726814e-02
-3.988744934801986830e-02 -8.472924766181907930e-02
-3.945613251973573848e-02 -8.325937345511436050e-02
-3.917412089825431792e-02 -8.232851559235686290e-02
-3.883441563939030866e-02 -8.157186876005323439e-02
-3.822606817319844363e-02 -8.049908483470416543e-02
-3.693521381807506054e-02 -7.782647242610134242e-02
-3.565570702701795214e-02 -7.556439090188492302e-02
-3.443925257883662799e-02 -7.318945033865112415e-02
-3.326065330099119838e-02 -7.060538020253433189e-02
-3.215989906172515844e-02 -6.804723378847139792e-02
-3.114441396554774866e-02 -6.558364773656047420e-02
-3.020560076518441148e-02 -6.331940571969398024e-02
-7.189576477911251845e-03 -1.682052899282958716e-02
-4.306829587012279796e-03 -1.039346676940446600e-02
-2.588650885866643995e-03 -6.423859317819980916e-03
-2.910178314598818594e-02 -6.288537527325091525e-02
-3.010735765136121622e-02 -6.505951836536447153e-02
-2.960320120079171224e-02 -6.427724993560708644e-02
-2.852607842960575707e-02 -6.222134334443049641e-02
-3.032653305535703767e-02 -6.574771327085812689e-02
-3.220330095677565591e-02 -6.814141455460631658e-02
-3.632340339439017740e-02 -7.415039916498428196e-02
-3.539731745987910461e-02 -7.180063472668797575e-02
-4.031944874623755171e-02 -8.147407361020495009e-02
-4.298131390766949528e-02 -8.774608606745307182e-02
-4.507252520222927716e-02 -9.185379155313763699e-02
-4.686495018091460518e-02 -9.574302008817610343e-02
-5.048694745722530353e-02 -1.036287112998359183e-01
-5.215282566678769438e-02 -1.075719178035429713e-01
-5.250750663428550846e-02 -1.083612132704645792e-01
-5.220139526382158029e-02 -1.081417065144346656e-01
-5.232239648980285818e-02 -1.082445676810253332e-01
-5.253970164096699591e-02 -1.085739967359041491e-01
-5.260893971486667320e-02 -1.092414916878103881e-01
-5.231723276883011586e-02 -1.098776289477576273e-01
-5.225595699464453264e-02 -1.099640302785425128e-01
-5.212209703676413258e-02 -1.097416254963313742e-01
-5.143476525579626646e-02 -1.086897564620260964e-01
-5.083630620685494067e-02 -1.077586571335037435e-01
-4.998112141787248303e-02 -1.063811151513979342e-01
-4.863556903132624371e-02 -1.041073307591595942e-01
-4.728838889337067669e-02 -1.018227121462039891e-01
-4.593871054743733917e-02 -9.905295796303029143e-02
-4.527470318748756661e-02 -9.695141586139019441e-02
-4.440509778940969488e-02 -9.513441796222799063e-02
-4.385329378109396881e-02 -9.399902454972794419e-02
-4.315658355912845023e-02 -9.191615244396086903e-02
-4.231875973255844886e-02 -8.974475927342989712e-02
-4.183502187338520445e-02 -8.844892814421692617e-02
-4.181315875458219145e-02 -8.801694367827415932e-02
-4.127258888521551788e-02 -8.714122693844220113e-02
-4.164497793567116524e-02 -8.712961211707366538e-02
-4.193875323510142666e-02 -8.656354093278370576e-02
-4.320711234147806001e-02 -8.837737996175901167e-02
-4.431296531615738082e-02 -9.049102662268244945e-02
-4.478351301184672895e-02 -9.170389725971477002e-02
-4.494335193065684964e-02 -9.335970860873586685e-02
-4.537203245466085721e-02 -9.463627832664726902e-02
-4.563475626972370025e-02 -9.561627834600061604e-02
-4.536878898694599038e-02 -9.543028938657897864e-02
-4.537400398617811442e-02 -9.499631722768830944e-02
-4.626117969829802307e-02 -9.582373056736614991e-02
-4.766104062759310422e-02 -9.830276436844329058e-02
-4.823880186763350453e-02 -9.945624599902200269e-02
-4.843404626704114063e-02 -1.006782033668976173e-01
-4.829123502056367062e-02 -1.015105507220025044e-01
-4.808140377518570208e-02 -1.015501909724984692e-01
-4.803915213118566813e-02 -1.015103687857351333e-01
-4.806350122496228644e-02 -1.014124776067202860e-01
-4.743525973691521680e-02 -1.004824227019803229e-01
-4.658654857812550426e-02 -9.897774976239104294e-02
-4.655113390232287068e-02 -9.852837670796764369e-02
-4.783586942729749908e-02 -9.984876533861211656e-02
-4.963684419620253280e-02 -9.976716300081835131e-02
-5.025009157483460720e-02 -9.923575580285903808e-02
-5.015801470957194363e-02 -9.898883969894786694e-02
-5.092182831459983461e-02 -1.015424389099428559e-01
-5.139850962580413962e-02 -1.040485911301748251e-01
-5.164358521775090638e-02 -1.047125996836620193e-01
-5.238292926564950408e-02 -1.074494655418829769e-01
-5.263181400244451580e-02 -1.089087865515204201e-01
-5.192475844946665975e-02 -1.093099477314712770e-01
-5.233221408545071784e-02 -1.099158578686908749e-01
-5.282984159414405578e-02 -1.098605270172477444e-01
-5.295891203167690797e-02 -1.100682282345563923e-01
-5.278098495379192345e-02 -1.106072210214181506e-01
-5.245067454183809097e-02 -1.110248923868264181e-01
-5.151314981099303081e-02 -1.100881782677745613e-01
-5.074893266812299797e-02 -1.087988548536822919e-01
-4.998381512097120616e-02 -1.072821352878433054e-01
-4.900007157879206210e-02 -1.054160658042906651e-01
-4.801484839998186593e-02 -1.034134454368250550e-01
-4.725674749193548713e-02 -1.013479314290980232e-01
-4.588937872171042903e-02 -9.876704818773190953e-02
-4.444344343700780409e-02 -9.600195777854993173e-02
-4.308452068837526766e-02 -9.306115707194388686e-02
-4.282873698846610677e-02 -9.141319973532995025e-02
-4.352337433879761852e-02 -9.157921813772092190e-02
-4.270545430228641498e-02 -9.016733919682147491e-02
-4.169555161712200364e-02 -8.829739663515472070e-02
-4.228567900107488287e-02 -8.829592016288893841e-02
-4.264435350084785914e-02 -8.901115987464135182e-02
-4.247378429549617668e-02 -8.911693955878347007e-02
-4.151687691449824219e-02 -8.770879446792596845e-02
-4.033257231450885355e-02 -8.554636308316997118e-02
-3.926870312355322523e-02 -8.360964624037833803e-02
-3.808293947752321162e-02 -8.132930994381365464e-02
-3.715902394998685937e-02 -7.923853575852141118e-02
-3.627422621407216941e-02 -7.710738824613586062e-02
-3.562031622061140324e-02 -7.533435691269130263e-02
-3.520556438370585350e-02 -7.393743583159806398e-02
-3.417900676170090857e-02 -7.157403685561664064e-02
-3.319095780782808924e-02 -6.963144444670600619e-02
-3.215865730579244020e-02 -6.765435490962948273e-02
-3.135472065644613615e-02 -6.582552584949455388e-02
-3.060127213018787665e-02 -6.391842939842469484e-02
-2.982367285213169059e-02 -6.204581158520304507e-02
-7.295501176646627256e-03 -1.667740211451323659e-02
-2.465029064034246313e-03 -6.063860396722942601e-03
-2.854485692999442215e-02 -6.151995239391650633e-02
-2.995503908215054953e-02 -6.465877452735246944e-02
-2.988710653684491236e-02 -6.490002256200437525e-02
-2.888045372716519649e-02 -6.311252397821470739e-02
-2.825044026650049001e-02 -6.185525265830726233e-02
-2.655809776250655369e-02 -5.838406136436052885e-02
-2.610274501928377261e-02 -5.773632882703025326e-02
-2.751308219786062145e-02 -6.087295982790030813e-02
-4.047967168839237961e-02 -8.685100299081902064e-02
-4.206052195883333567e-02 -9.011118662528717904e-02
-4.331930807118961058e-02 -9.288562649412031302e-02
-4.463233336519105421e-02 -9.613026306496291751e-02
-4.657014306427764705e-02 -1.000754149013007022e-01
-4.821331760117418541e-02 -1.036214785153636853e-01
-4.913041403808234009e-02 -1.060040361268111408e-01
-4.829759563125916172e-02 -1.045847860829883791e-01
-4.728961152880042929e-02 -1.020323560720811373e-01
-4.713006906004015006e-02 -1.009087399639606031e-01
-4.669753669547534181e-02 -9.994647190160038663e-02
-4.595292216056506146e-02 -9.805471458926579009e-02
-4.538834278842748121e-02 -9.652549506753280162e-02
-4.502824962455747454e-02 -9.549218774795727172e-02
-4.542477938263755205e-02 -9.571628729046571804e-02
-4.594964690996423962e-02 -9.635073404196625724e-02
-4.589837287639958463e-02 -9.595074746530295184e-02
-4.565906991179720376e-02 -9.606316934466137269e-02
-4.523438935336783484e-02 -9.567766326858054282e-02
-4.523022193145442849e-02 -9.556927801464945582e-02
-4.536631568163632111e-02 -9.578252086242279584e-02
-4.498009389387007395e-02 -9.505115092875887628e-02
-4.419202535581437385e-02 -9.357171116937475219e-02
-4.351776620497702086e-02 -9.244892827811571068e-02
-4.237701714859513913e-02 -9.050857079800458949e-02
-4.205076335479735611e-02 -8.929333931178960737e-02
-4.171846645723342739e-02 -8.845089996974581092e-02
-4.137218735184616802e-02 -8.776349604056163378e-02
-4.055639359057375964e-02 -8.605175630683417620e-02
-3.927853891969845107e-02 -8.339591174654403805e-02
-3.850400657633604173e-02 -8.174857453538764140e-02
-3.824075824509809429e-02 -8.059905899120353712e-02
-3.811109339791933504e-02 -7.994654779569144998e-02
-3.788483400973718940e-02 -7.940176319798394888e-02
-3.726196026153735796e-02 -7.795911270137352578e-02
-3.636237723445710779e-02 -7.640071336261530788e-02
-3.526897517615647237e-02 -7.477915568216328412e-02
-3.426443476522101489e-02 -7.273261333034658493e-02
-3.333573832978074802e-02 -7.060890234634448204e-02
-3.251432031784419474e-02 -6.859077212974722115e-02
-3.169736352735723350e-02 -6.662002036396921789e-02
-3.073061301458347716e-02 -6.451472545189501639e-02
-2.928241438776615566e-02 -6.159558749524167431e-02
-2.789512481714985503e-02 -5.882203445800768954e-02
-2.856117989469362378e-02 -6.174720081109900949e-02
-2.782253110392612916e-02 -6.038842378248666931e-02
-2.632359700410842954e-02 -5.754625315429214016e-02
-2.482447203986344955e-02 -5.460723356431899933e-02
-2.289364306620957773e-02 -5.054535233996215737e-02
-2.157176758068152581e-02 -4.809532197528373909e-02
-2.122884305096976384e-02 -4.761524986021788142e-02
-3.821418396506780918e-02 -8.255964920862307599e-02
-3.959806289983851951e-02 -8.548276052297722194e-02
-4.059633787222133305e-02 -8.766038235610937313e-02
-4.132317343173430579e-02 -8.931909096962517558e-02
-4.245141918876449427e-02 -9.199290497480856754e-02
-4.396778965911691400e-02 -9.553015001771675285e-02
-4.586971187092041269e-02 -9.967083373610412245e-02
-4.858338912682180072e-02 -1.051251453495919835e-01
-4.851988646706971442e-02 -1.048288655441204226e-01
-4.779715547250816543e-02 -1.028916719891647402e-01
-4.743740193591368393e-02 -1.019687368399521399e-01
-4.660156884666991767e-02 -1.001095417033229518e-01
-4.557679951731209711e-02 -9.783124741882850972e-02
-4.447526228462859998e-02 -9.534842853982530841e-02
-4.328410285215921610e-02 -9.300942375428770947e-02
-4.239227940608614881e-02 -9.092756634810514327e-02
-4.174494737517477766e-02 -8.918874106352717157e-02
-4.139367988087899741e-02 -8.816279156035225495e-02
-4.093906104784769684e-02 -8.707590403954049152e-02
-3.964436886910972790e-02 -8.432381844262126780e-02
-3.844679526784999107e-02 -8.187992905818934630e-02
-3.728858105377020477e-02 -7.957708669093443987e-02
-3.644434516285283143e-02 -7.751970350780050534e-02
-3.566440730897084410e-02 -7.556499640975680721e-02
-3.507291235494277432e-02 -7.400367766531738833e-02
-3.443786376336897825e-02 -7.251254833649051212e-02
-3.328465552351553280e-02 -7.010224394266972858e-02
-3.191057022879809080e-02 -6.741389290058004413e-02
-3.061384489032872858e-02 -6.481661429309207301e-02
-2.950048109991336084e-02 -6.229469987201032011e-02
-2.839016667442095104e-02 -5.968371119068056896e-02
-1.845493042327853508e-02 -4.084614836544260552e-02
-1.523248832391581147e-02 -3.395537161081271793e-02
-1.257693408668662631e-02 -2.838393260839582044e-02
-1.098928229689556842e-02 -2.484796004391231702e-02
-3.283908533763528481e-02 -7.081655251893111125e-02
-3.370043366877352453e-02 -7.268065730765380095e-02
-3.335283974246475852e-02 -7.223270033379257382e-02
-3.272608428483412407e-02 -7.108818216161955084e-02
-3.232453465195974512e-02 -7.050714988406246719e-02
-3.256929166641535367e-02 -7.157613362079418007e-02
-3.251185429491462026e-02 -7.195112694159518096e-02
-4.359350345331181042e-02 -9.447801947781843401e-02
-4.477335231964431339e-02 -9.720059519148706306e-02
-4.621317213026457371e-02 -1.000545073180534872e-01
-4.767977186811079432e-02 -1.029563940494989116e-01
-4.841120583236756952e-02 -1.046201499050777028e-01
-4.808749719692036878e-02 -1.039723764709490350e-01
-4.687235109920274978e-02 -1.013171424018768363e-01
-4.556884867336925826e-02 -9.854564250507558132e-02
-4.414587681812898179e-02 -9.561680058840586749e-02
-4.290137790870968831e-02 -9.274308594513291926e-02
-4.188304568350843804e-02 -9.011436441887371585e-02
-4.121369763240548961e-02 -8.839665909831188884e-02
-4.074083898781395013e-02 -8.719658415138073493e-02
-3.969128485583396648e-02 -8.489297631042920511e-02
-3.821449639530526826e-02 -8.160470939658517886e-02
-3.693528165694098114e-02 -7.894163638172642383e-02
-3.562823841533618863e-02 -7.620778513896499240e-02
-3.455538018300563508e-02 -7.369353626507146870e-02
-3.353434043986164986e-02 -7.122243399262763452e-02
-3.267874232351000024e-02 -6.903953801890883035e-02
-3.179480272899103122e-02 -6.695693514517922496e-02
-3.067600969189538535e-02 -6.455700006954681602e-02
-2.914304787262570959e-02 -6.146652336379019449e-02
-2.766212164403730744e-02 -5.846216017696655165e-02
-2.882444016987327495e-02 -6.250234997889538013e-02
-2.842521205896591380e-02 -6.206758115017450839e-02
-2.710963780641391027e-02 -5.957971399606440399e-02
-2.555570620488314612e-02 -5.642422661870757916e-02
-2.513655241056019993e-02 -5.553472430055285403e-02
-2.378431062320863695e-02 -5.267609137935888586e-02
-2.333551641968311524e-02 -5.194788996913575485e-02
-3.877859924881980891e-02 -8.342302621418928865e-02
-4.017151637514094348e-02 -8.630623484228827635e-02
-4.116857961670785521e-02 -8.839011534243801371e-02
-4.202650155462238357e-02 -9.034213064820885430e-02
-4.341348096555944225e-02 -9.356296399489888449e-02
-4.515514119266197945e-02 -9.751430602637684020e-02
-4.737645537401617701e-02 -1.022488143602767463e-01
-4.988150017471153219e-02 -1.071800127576936074e-01
-4.985048694959987037e-02 -1.068206612967742830e-01
-4.941434594862600255e-02 -1.057140198313995250e-01
-4.875915529059574038e-02 -1.042735560473916079e-01
-4.796177998934750275e-02 -1.025321111023796417e-01
-4.708707105432895224e-02 -1.006469857331716844e-01
-5.013427356152322378e-02 -1.025411066459578913e-01
-5.099040910393087822e-02 -1.017150534351222713e-01
-5.037365419154595653e-02 -9.912620879768080373e-02
-4.990049062344320552e-02 -9.723097655335595502e-02
-5.038065124734270733e-02 -9.910304200910732830e-02
-5.161712153084223320e-02 -1.032436551188635893e-01
-5.216616944939193173e-02 -1.055053739928207973e-01
-5.273622868782654877e-02 -1.075154932216090820e-01
-5.307495069598619497e-02 -1.085705117909818718e-01
-5.281431428575213138e-02 -1.086429188389868711e-01
-5.304112538091756285e-02 -1.093219510824983837e-01
-5.341942694600827768e-02 -1.099561916920896165e-01
-5.321355363254046816e-02 -1.098329730657703895e-01
-5.327111798068245863e-02 -1.100476305714127023e-01
-5.177582592514091975e-02 -1.033213545438527448e-01
-5.001421756622655840e-02 -9.760862105116077658e-02
-4.938273245199450989e-02 -9.566145204949429159e-02
-4.875386188710376795e-02 -9.369584392264401762e-02
-4.479814669893650292e-02 -8.552306957734703841e-02
-4.688777006931689473e-02 -8.928737689288129831e-02
-4.711640887814699807e-02 -8.963307049782995306e-02
-4.709964401672774720e-02 -8.964920276688738421e-02
-4.683352801450015035e-02 -8.916674348579561871e-02
-4.665857956378545446e-02 -8.852037364204098924e-02
-4.652813909235103962e-02 -8.842082748266168191e-02
-4.650995155538044379e-02 -8.837976711234704630e-02
-4.639215122606568653e-02 -8.790918277459305874e-02
-4.641997881415722838e-02 -8.818022156980503956e-02
-4.641460980852066265e-02 -8.812045703437376698e-02
-4.629661116785878383e-02 -8.774518908914574755e-02
-4.639849122822222588e-02 -8.813738322535813463e-02
-4.635647343056256003e-02 -8.794523691631302154e-02
-4.698529181537502986e-02 -8.952488063531890972e-02
-4.672072239860630694e-02 -8.907652939414002768e-02
-4.674649492370388376e-02 -8.888802192506950473e-02
-4.648768789114524763e-02 -8.823987386146836531e-02
-4.651128870161180817e-02 -8.838847483721769260e-02
-4.646146465719078883e-02 -8.837600396010289461e-02
-4.649499220829095281e-02 -8.830918418789218682e-02
-4.634399235910816733e-02 -8.793722799767215992e-02
-4.624685442742637598e-02 -8.784125921891935973e-02
-4.617682707679431758e-02 -8.758880347331299276e-02
-4.611638536753445705e-02 -8.751299302837084459e-02
-4.598545455088414585e-02 -8.707781604288816757e-02
-4.618381790847418678e-02 -8.762985723298055696e-02
-4.640771268316337683e-02 -8.819002553524087074e-02
-4.629942278572724002e-02 -8.805924382979390952e-02
-4.860145194188891793e-02 -9.417856496065490912e-02
-4.996422771426511228e-02 -9.864873717469423153e-02
-5.117181312719532721e-02 -1.023607984994296949e-01
-5.143436708748969077e-02 -1.040434551963895643e-01
-5.180850861216615422e-02 -1.054840807484091342e-01
-5.229835515381315442e-02 -1.067449174201711704e-01
-5.237673992112211463e-02 -1.071982959389983919e-01
-4.998744280985540495e-02 -9.877969662360165659e-02
-4.852961255758689307e-02 -9.376674559335371195e-02
-4.754686571420490421e-02 -9.102478242639709671e-02
-4.692860926738645633e-02 -8.955924410428410531e-02
-4.663537036577440620e-02 -8.867994590615273232e-02
-4.687574813333922341e-02 -8.944513763706234133e-02
-4.811357264149786206e-02 -9.271281445949561273e-02
-4.939729756649935410e-02 -9.653948159391650963e-02
-5.062433554683333503e-02 -1.013271334052513878e-01
-5.146158221276509598e-02 -1.050258942091424619e-01
-5.206598585554275682e-02 -1.072529156363339897e-01
-5.226081962384529489e-02 -1.082019074878532439e-01
-5.226121784484785010e-02 -1.090033383677089796e-01
-5.227035392464360331e-02 -1.095363108154411291e-01
-5.247141216384829110e-02 -1.098246609617923863e-01
-5.232533811317511413e-02 -1.096038881609427001e-01
-5.259318201127451131e-02 -1.093794395570268085e-01
-5.222176870136625848e-02 -1.068988253298820135e-01
-5.180198245910207222e-02 -1.051827164302092943e-01
-5.042729804862967902e-02 -9.982637954635452393e-02
-4.529730258642138130e-02 -8.823461828230466653e-02
-4.366524845287098056e-02 -8.499324885302483867e-02
-4.279593044135418523e-02 -8.475083213251777270e-02
-4.315970520240765274e-02 -8.646164937185102373e-02
-4.442602108233553726e-02 -8.972459407943891851e-02
-4.845058502821705110e-02 -9.853563406026473459e-02
-5.121342728615603523e-02 -1.044244980570036146e-01
-5.232132190067066702e-02 -1.073065476785942385e-01
-5.233625851530761264e-02 -1.078248522204071358e-01
-5.257532465321940879e-02 -1.083493012040394748e-01
-5.272418706310533915e-02 -1.085490526072111217e-01
-5.409965475238434629e-02 -1.106879832280727588e-01
-6.332760592489859730e-02 -1.315150749074097680e-01
-5.978923798389671612e-02 -1.249767379357157315e-01
-5.633215122251847284e-02 -1.155316983744384685e-01
-5.299436702205950062e-02 -1.074040742211088695e-01
-5.103584221587091629e-02 -1.031021198676874417e-01
-4.716915528496329335e-02 -9.345532237047185498e-02
-1.822787171004915455e-02 -3.474218472306332683e-02
-1.624381246693903241e-02 -3.071889136858979227e-02
-1.534210021974223223e-02 -2.867701164979129941e-02
-1.286927011773425500e-02 -2.377484436111586968e-02
-1.171458686188992133e-02 -2.155527100765923174e-02
-1.170270498288787306e-02 -2.168247112776067187e-02
-2.064479540453695717e-04 -2.441875829452792184e-04
-3.583811191208182648e-03 -6.207343067906517797e-03
-6.668866080875033089e-03 -1.206154201879500870e-02
-6.592638929146352363e-04 -1.141878558123796562e-03
-4.522843799029022767e-04 -7.833795254616114602e-04
-4.977363410650087342e-04 -8.621046314980273031e-04
-3.617407806693881183e-04 -6.265534112890102985e-04
0.000000000000000000e+00 0.000000000000000000e+00
0.000000000000000000e+00 0.000000000000000000e+00
0.000000000000000000e+00 0.000000000000000000e+00
0.000000000000000000e+00 0.000000000000000000e+00
0.000000000000000000e+00 0.000000000000000000e+00
0.000000000000000000e+00 0.000000000000000000e+00
0.000000000000000000e+00 0.000000000000000000e+00
0.000000000000000000e+00 0.000000000000000000e+00
0.000000000000000000e+00 0.000000000000000000e+00
0.000000000000000000e+00 0.000000000000000000e+00
0.000000000000000000e+00 0.000000000000000000e+00
0.000000000000000000e+00 0.000000000000000000e+00
0.000000000000000000e+00 0.000000000000000000e+00
0.000000000000000000e+00 0.000000000000000000e+00
0.000000000000000000e+00 0.000000000000000000e+00
0.000000000000000000e+00 0.000000000000000000e+00
0.000000000000000000e+00 0.000000000000000000e+00
0.000000000000000000e+00 0.000000000000000000e+00
0.000000000000000000e+00 0.000000000000000000e+00
0.000000000000000000e+00 0.000000000000000000e+00
0.000000000000000000e+00 0.000000000000000000e+00
0.000000000000000000e+00 0.000000000000000000e+00
0.000000000000000000e+00 0.000000000000000000e+00
0.000000000000000000e+00 0.000000000000000000e+00
0.000000000000000000e+00 0.000000000000000000e+00
0.000000000000000000e+00 0.000000000000000000e+00
0.000000000000000000e+00 0.000000000000000000e+00
0.000000000000000000e+00 0.000000000000000000e+00
0.000000000000000000e+00 0.000000000000000000e+00
0.000000000000000000e+00 0.000000000000000000e+00
0.000000000000000000e+00 0.000000000000000000e+00
0.000000000000000000e+00 0.000000000000000000e+00
0.000000000000000000e+00 0.000000000000000000e+00
0.000000000000000000e+00 0.000000000000000000e+00
0.000000000000000000e+00 0.000000000000000000e+00
0.000000000000000000e+00 0.000000000000000000e+00
0.000000000000000000e+00 0.000000000000000000e+00
0.000000000000000000e+00 0.000000000000000000e+00
0.000000000000000000e+00 0.000000000000000000e+00
0.000000000000000000e+00 0.000000000000000000e+00
0.000000000000000000e+00 0.000000000000000000e+00
0.000000000000000000e+00 0.000000000000000000e+00
0.000000000000000000e+00 0.000000000000000000e+00
0.000000000000000000e+00 0.000000000000000000e+00
0.000000000000000000e+00 0.000000000000000000e+00
0.000000000000000000e+00 0.000000000000000000e+00
0.000000000000000000e+00 0.000000000000000000e+00
0.000000000000000000e+00 0.000000000000000000e+00
0.000000000000000000e+00 0.000000000000000000e+00
0.000000000000000000e+00 0.000000000000000000e+00
0.000000000000000000e+00 0.000000000000000000e+00
0.000000000000000000e+00 0.000000000000000000e+00
0.000000000000000000e+00 0.000000000000000000e+00
0.000000000000000000e+00 0.000000000000000000e+00
0.000000000000000000e+00 0.000000000000000000e+00
0.000000000000000000e+00 0.000000000000000000e+00
0.000000000000000000e+00 0.000000000000000000e+00
0.000000000000000000e+00 0.000000000000000000e+00
0.000000000000000000e+00 0.000000000000000000e+00
0.000000000000000000e+00 0.000000000000000000e+00
0.000000000000000000e+00 0.000000000000000000e+00
0.000000000000000000e+00 0.000000000000000000e+00
0.000000000000000000e+00 0.000000000000000000e+00
0.000000000000000000e+00 0.000000000000000000e+00
0.000000000000000000e+00 0.000000000000000000e+00
0.000000000000000000e+00 0.000000000000000000e+00
0.000000000000000000e+00 0.000000000000000000e+00
0.000000000000000000e+00 0.000000000000000000e+00
0.000000000000000000e+00 0.000000000000000000e+00
0.000000000000000000e+00 0.000000000000000000e+00
0.000000000000000000e+00 0.000000000000000000e+00
0.000000000000000000e+00 0.000000000000000000e+00
0.000000000000000000e+00 0.000000000000000000e+00
0.000000000000000000e+00 0.000000000000000000e+00
0.000000000000000000e+00 0.000000000000000000e+00
0.000000000000000000e+00 0.000000000000000000e+00
0.000000000000000000e+00 0.000000000000000000e+00
0.000000000000000000e+00 0.000000000000000000e+00
0.000000000000000000e+00 0.000000000000000000e+00
0.000000000000000000e+00 0.000000000000000000e+00
0.000000000000000000e+00 0.000000000000000000e+00
0.000000000000000000e+00 0.000000000000000000e+00
0.000000000000000000e+00 0.000000000000000000e+00
0.000000000000000000e+00 0.000000000000000000e+00
0.000000000000000000e+00 0.000000000000000000e+00
0.000000000000000000e+00 0.000000000000000000e+00
0.000000000000000000e+00 0.000000000000000000e+00
0.000000000000000000e+00 0.000000000000000000e+00
0.000000000000000000e+00 0.000000000000000000e+00
0.000000000000000000e+00 0.000000000000000000e+00
0.000000000000000000e+00 0.000000000000000000e+00
0.000000000000000000e+00 0.000000000000000000e+00
0.000000000000000000e+00 0.000000000000000000e+00
0.000000000000000000e+00 0.000000000000000000e+00
0.000000000000000000e+00 0.000000000000000000e+00
0.000000000000000000e+00 0.000000000000000000e+00
0.000000000000000000e+00 0.000000000000000000e+00
0.000000000000000000e+00 0.000000000000000000e+00
0.000000000000000000e+00 0.000000000000000000e+00
0.000000000000000000e+00 0.000000000000000000e+00
0.000000000000000000e+00 0.000000000000000000e+00
0.000000000000000000e+00 0.000000000000000000e+00
0.000000000000000000e+00 0.000000000000000000e+00
0.000000000000000000e+00 0.000000000000000000e+00
0.000000000000000000e+00 0.000000000000000000e+00
0.000000000000000000e+00 0.000000000000000000e+00
0.000000000000000000e+00 0.000000000000000000e+00
0.000000000000000000e+00 0.000000000000000000e+00
0.000000000000000000e+00 0.000000000000000000e+00
0.000000000000000000e+00 0.000000000000000000e+00
0.000000000000000000e+00 0.000000000000000000e+00
0.000000000000000000e+00 0.000000000000000000e+00
0.000000000000000000e+00 0.000000000000000000e+00
0.000000000000000000e+00 0.000000000000000000e+00
0.000000000000000000e+00 0.000000000000000000e+00
0.000000000000000000e+00 0.000000000000000000e+00
0.000000000000000000e+00 0.000000000000000000e+00
0.000000000000000000e+00 0.000000000000000000e+00
0.000000000000000000e+00 0.000000000000000000e+00
0.000000000000000000e+00 0.000000000000000000e+00
0.000000000000000000e+00 0.000000000000000000e+00
0.000000000000000000e+00 0.000000000000000000e+00
0.000000000000000000e+00 0.000000000000000000e+00
0.000000000000000000e+00 0.000000000000000000e+00
0.000000000000000000e+00 0.000000000000000000e+00
0.000000000000000000e+00 0.000000000000000000e+00
0.000000000000000000e+00 0.000000000000000000e+00
0.000000000000000000e+00 0.000000000000000000e+00
0.000000000000000000e+00 0.000000000000000000e+00
0.000000000000000000e+00 0.000000000000000000e+00
0.000000000000000000e+00 0.000000000000000000e+00
0.000000000000000000e+00 0.000000000000000000e+00
0.000000000000000000e+00 0.000000000000000000e+00
0.000000000000000000e+00 0.000000000000000000e+00
0.000000000000000000e+00 0.000000000000000000e+00
0.000000000000000000e+00 0.000000000000000000e+00
0.000000000000000000e+00 0.000000000000000000e+00
0.000000000000000000e+00 0.000000000000000000e+00
0.000000000000000000e+00 0.000000000000000000e+00
0.000000000000000000e+00 0.000000000000000000e+00
0.000000000000000000e+00 0.000000000000000000e+00
0.000000000000000000e+00 0.000000000000000000e+00
0.000000000000000000e+00 0.000000000000000000e+00
0.000000000000000000e+00 0.000000000000000000e+00
0.000000000000000000e+00 0.000000000000000000e+00
0.000000000000000000e+00 0.000000000000000000e+00
0.000000000000000000e+00 0.000000000000000000e+00
0.000000000000000000e+00 0.000000000000000000e+00
0.000000000000000000e+00 0.000000000000000000e+00
0.000000000000000000e+00 0.000000000000000000e+00
0.000000000000000000e+00 0.000000000000000000e+00
0.000000000000000000e+00 0.000000000000000000e+00
0.000000000000000000e+00 0.000000000000000000e+00
0.000000000000000000e+00 0.000000000000000000e+00
0.000000000000000000e+00 0.000000000000000000e+00
0.000000000000000000e+00 0.000000000000000000e+00
0.000000000000000000e+00 0.000000000000000000e+00
0.000000000000000000e+00 0.000000000000000000e+00
0.000000000000000000e+00 0.000000000000000000e+00
0.000000000000000000e+00 0.000000000000000000e+00
0.000000000000000000e+00 0.000000000000000000e+00
0.000000000000000000e+00 0.000000000000000000e+00
0.000000000000000000e+00 0.000000000000000000e+00
0.000000000000000000e+00 0.000000000000000000e+00
0.000000000000000000e+00 0.000000000000000000e+00
0.000000000000000000e+00 0.000000000000000000e+00
0.000000000000000000e+00 0.000000000000000000e+00
0.000000000000000000e+00 0.000000000000000000e+00
0.000000000000000000e+00 0.000000000000000000e+00
0.000000000000000000e+00 0.000000000000000000e+00
0.000000000000000000e+00 0.000000000000000000e+00
0.000000000000000000e+00 0.000000000000000000e+00
0.000000000000000000e+00 0.000000000000000000e+00
0.000000000000000000e+00 0.000000000000000000e+00
0.000000000000000000e+00 0.000000000000000000e+00
0.000000000000000000e+00 0.000000000000000000e+00
0.000000000000000000e+00 0.000000000000000000e+00
0.000000000000000000e+00 0.000000000000000000e+00
0.000000000000000000e+00 0.000000000000000000e+00
0.000000000000000000e+00 0.000000000000000000e+00
0.000000000000000000e+00 0.000000000000000000e+00
0.000000000000000000e+00 0.000000000000000000e+00
0.000000000000000000e+00 0.000000000000000000e+00
0.000000000000000000e+00 0.000000000000000000e+00
0.000000000000000000e+00 0.000000000000000000e+00
0.000000000000000000e+00 0.000000000000000000e+00
0.000000000000000000e+00 0.000000000000000000e+00
0.000000000000000000e+00 0.000000000000000000e+00
0.000000000000000000e+00 0.000000000000000000e+00
0.000000000000000000e+00 0.000000000000000000e+00
0.000000000000000000e+00 0.000000000000000000e+00
0.000000000000000000e+00 0.000000000000000000e+00
0.000000000000000000e+00 0.000000000000000000e+00
0.000000000000000000e+00 0.000000000000000000e+00
0.000000000000000000e+00 0.000000000000000000e+00
0.000000000000000000e+00 0.000000000000000000e+00
0.000000000000000000e+00 0.000000000000000000e+00
0.000000000000000000e+00 0.000000000000000000e+00
0.000000000000000000e+00 0.000000000000000000e+00
0.000000000000000000e+00 0.000000000000000000e+00
0.000000000000000000e+00 0.000000000000000000e+00
0.000000000000000000e+00 0.000000000000000000e+00
0.000000000000000000e+00 0.000000000000000000e+00
0.000000000000000000e+00 0.000000000000000000e+00
0.000000000000000000e+00 0.000000000000000000e+00
0.000000000000000000e+00 0.000000000000000000e+00
0.000000000000000000e+00 0.000000000000000000e+00
0.000000000000000000e+00 0.000000000000000000e+00
0.000000000000000000e+00 0.000000000000000000e+00
0.000000000000000000e+00 0.000000000000000000e+00
0.000000000000000000e+00 0.000000000000000000e+00
0.000000000000000000e+00 0.000000000000000000e+00
0.000000000000000000e+00 0.000000000000000000e+00
0.000000000000000000e+00 0.000000000000000000e+00
0.000000000000000000e+00 0.000000000000000000e+00
0.000000000000000000e+00 0.000000000000000000e+00
0.000000000000000000e+00 0.000000000000000000e+00
0.000000000000000000e+00 0.000000000000000000e+00
0.000000000000000000e+00 0.000000000000000000e+00
0.000000000000000000e+00 0.000000000000000000e+00
0.000000000000000000e+00 0.000000000000000000e+00
0.000000000000000000e+00 0.000000000000000000e+00
0.000000000000000000e+00 0.000000000000000000e+00
0.000000000000000000e+00 0.000000000000000000e+00
0.000000000000000000e+00 0.000000000000000000e+00
0.000000000000000000e+00 0.000000000000000000e+00
0.000000000000000000e+00 0.000000000000000000e+00
0.000000000000000000e+00 0.000000000000000000e+00
0.000000000000000000e+00 0.000000000000000000e+00
0.000000000000000000e+00 0.000000000000000000e+00
0.000000000000000000e+00 0.000000000000000000e+00
0.000000000000000000e+00 0.000000000000000000e+00
0.000000000000000000e+00 0.000000000000000000e+00
0.000000000000000000e+00 0.000000000000000000e+00
0.000000000000000000e+00 0.000000000000000000e+00
0.000000000000000000e+00 0.000000000000000000e+00
0.000000000000000000e+00 0.000000000000000000e+00
0.000000000000000000e+00 0.000000000000000000e+00
0.000000000000000000e+00 0.000000000000000000e+00
0.000000000000000000e+00 0.000000000000000000e+00
0.000000000000000000e+00 0.000000000000000000e+00
0.000000000000000000e+00 0.000000000000000000e+00
0.000000000000000000e+00 0.000000000000000000e+00
0.000000000000000000e+00 0.000000000000000000e+00
0.000000000000000000e+00 0.000000000000000000e+00
0.000000000000000000e+00 0.000000000000000000e+00
0.000000000000000000e+00 0.000000000000000000e+00
0.000000000000000000e+00 0.000000000000000000e+00
0.000000000000000000e+00 0.000000000000000000e+00
0.000000000000000000e+00 0.000000000000000000e+00
0.000000000000000000e+00 0.000000000000000000e+00
0.000000000000000000e+00 0.000000000000000000e+00
0.000000000000000000e+00 0.000000000000000000e+00
0.000000000000000000e+00 0.000000000000000000e+00
0.000000000000000000e+00 0.000000000000000000e+00
0.000000000000000000e+00 0.000000000000000000e+00
0.000000000000000000e+00 0.000000000000000000e+00
0.000000000000000000e+00 0.000000000000000000e+00
0.000000000000000000e+00 0.000000000000000000e+00
0.000000000000000000e+00 0.000000000000000000e+00
0.000000000000000000e+00 0.000000000000000000e+00
0.000000000000000000e+00 0.000000000000000000e+00
0.000000000000000000e+00 0.000000000000000000e+00
0.000000000000000000e+00 0.000000000000000000e+00
0.000000000000000000e+00 0.000000000000000000e+00
0.000000000000000000e+00 0.000000000000000000e+00
0.000000000000000000e+00 0.000000000000000000e+00
0.000000000000000000e+00 0.000000000000000000e+00
0.000000000000000000e+00 0.000000000000000000e+00
0.000000000000000000e+00 0.000000000000000000e+00
0.000000000000000000e+00 0.000000000000000000e+00
0.000000000000000000e+00 0.000000000000000000e+00
0.000000000000000000e+00 0.000000000000000000e+00
0.000000000000000000e+00 0.000000000000000000e+00
0.000000000000000000e+00 0.000000000000000000e+00
0.000000000000000000e+00 0.000000000000000000e+00
0.000000000000000000e+00 0.000000000000000000e+00
0.000000000000000000e+00 0.000000000000000000e+00
0.000000000000000000e+00 0.000000000000000000e+00
0.000000000000000000e+00 0.000000000000000000e+00
0.000000000000000000e+00 0.000000000000000000e+00
0.000000000000000000e+00 0.000000000000000000e+00
0.000000000000000000e+00 0.000000000000000000e+00
0.000000000000000000e+00 0.000000000000000000e+00
0.000000000000000000e+00 0.000000000000000000e+00
0.000000000000000000e+00 0.000000000000000000e+00
0.000000000000000000e+00 0.000000000000000000e+00
0.000000000000000000e+00 0.000000000000000000e+00
0.000000000000000000e+00 0.000000000000000000e+00
0.000000000000000000e+00 0.000000000000000000e+00
0.000000000000000000e+00 0.000000000000000000e+00
0.000000000000000000e+00 0.000000000000000000e+00
0.000000000000000000e+00 0.000000000000000000e+00
0.000000000000000000e+00 0.000000000000000000e+00
0.000000000000000000e+00 0.000000000000000000e+00
0.000000000000000000e+00 0.000000000000000000e+00
0.000000000000000000e+00 0.000000000000000000e+00
0.000000000000000000e+00 0.000000000000000000e+00
0.000000000000000000e+00 0.000000000000000000e+00
0.000000000000000000e+00 0.000000000000000000e+00
0.000000000000000000e+00 0.000000000000000000e+00
0.000000000000000000e+00 0.000000000000000000e+00
0.000000000000000000e+00 0.000000000000000000e+00
0.000000000000000000e+00 0.000000000000000000e+00
0.000000000000000000e+00 0.000000000000000000e+00
0.000000000000000000e+00 0.000000000000000000e+00
0.000000000000000000e+00 0.000000000000000000e+00
0.000000000000000000e+00 0.000000000000000000e+00
0.000000000000000000e+00 0.000000000000000000e+00
0.000000000000000000e+00 0.000000000000000000e+00
0.000000000000000000e+00 0.000000000000000000e+00
0.000000000000000000e+00 0.000000000000000000e+00
0.000000000000000000e+00 0.000000000000000000e+00
0.000000000000000000e+00 0.000000000000000000e+00
0.000000000000000000e+00 0.000000000000000000e+00
0.000000000000000000e+00 0.000000000000000000e+00
0.000000000000000000e+00 0.000000000000000000e+00
0.000000000000000000e+00 0.000000000000000000e+00
0.000000000000000000e+00 0.000000000000000000e+00
0.000000000000000000e+00 0.000000000000000000e+00
0.000000000000000000e+00 0.000000000000000000e+00
0.000000000000000000e+00 0.000000000000000000e+00
0.000000000000000000e+00 0.000000000000000000e+00
0.000000000000000000e+00 0.000000000000000000e+00
0.000000000000000000e+00 0.000000000000000000e+00
0.000000000000000000e+00 0.000000000000000000e+00
0.000000000000000000e+00 0.000000000000000000e+00
0.000000000000000000e+00 0.000000000000000000e+00
0.000000000000000000e+00 0.000000000000000000e+00
0.000000000000000000e+00 0.000000000000000000e+00
0.000000000000000000e+00 0.000000000000000000e+00
0.000000000000000000e+00 0.000000000000000000e+00
0.000000000000000000e+00 0.000000000000000000e+00
0.000000000000000000e+00 0.000000000000000000e+00
0.000000000000000000e+00 0.000000000000000000e+00
0.000000000000000000e+00 0.000000000000000000e+00
0.000000000000000000e+00 0.000000000000000000e+00
0.000000000000000000e+00 0.000000000000000000e+00
0.000000000000000000e+00 0.000000000000000000e+00
0.000000000000000000e+00 0.000000000000000000e+00
0.000000000000000000e+00 0.000000000000000000e+00
0.000000000000000000e+00 0.000000000000000000e+00
0.000000000000000000e+00 0.000000000000000000e+00
0.000000000000000000e+00 0.000000000000000000e+00
0.000000000000000000e+00 0.000000000000000000e+00
0.000000000000000000e+00 0.000000000000000000e+00
0.000000000000000000e+00 0.000000000000000000e+00
0.000000000000000000e+00 0.000000000000000000e+00
0.000000000000000000e+00 0.000000000000000000e+00
0.000000000000000000e+00 0.000000000000000000e+00
0.000000000000000000e+00 0.000000000000000000e+00
0.000000000000000000e+00 0.000000000000000000e+00
0.000000000000000000e+00 0.000000000000000000e+00
0.000000000000000000e+00 0.000000000000000000e+00
0.000000000000000000e+00 0.000000000000000000e+00
