1.744271014095696848e-01 -9.695177172564506396e-01
3.482898412957654566e-01 -9.181488240260804456e-01
5.095514875736246729e-01 -8.383198220892060792e-01
7.153010183459597160e-01 -6.858926129265717764e-01
8.294096422815463443e-01 -5.332632548615940937e-01
9.296895848841266741e-01 -3.355702223867824685e-01
9.955311784565379352e-01 -7.236985177410149017e-02
9.287156230920463607e-01 2.276720594562745559e-01
8.455911179989268334e-01 5.384780927442562870e-01
6.326765692827907017e-01 8.304871464086779342e-01
3.711052478395495680e-01 9.752917356339994015e-01
-5.680072065222263600e-02 1.097071983112206661e+00
-2.652807613049786850e-01 2.108826622839131137e-01
-2.764872472011850602e-01 -1.033160945506862438e-01
-7.546804386662223640e-01 5.423057791829648533e-01
-8.222385369126429255e-01 3.970759822118108961e-01
-9.444258042778379547e-01 1.771992607357951166e-01
-1.015973493436810760e+00 -1.279282633964670679e-01
-9.261845976013438619e-01 -5.046452182349661086e-01
-6.923134483440732678e-01 -8.388324660744345129e-01
-3.920160596344740012e-01 -1.002591890771487471e+00
-6.355143684323569242e-02 -1.063126924502140191e+00
2.639186950282961241e-01 -1.019492151549452608e+00
6.912758852271861931e-01 -8.593779582546005047e-01
8.531735112553667788e-01 -5.399573807885895693e-01
9.329619243240837578e-01 -2.238713336654568620e-01
9.012400274414806844e-01 8.595169666506863315e-02
7.746409081623224502e-01 3.495724863728061904e-01
5.063801644320542472e-01 4.726616346545827740e-01
3.092313738225658248e-01 5.733903738898769031e-01
1.032030922941077761e-01 6.024861655890790813e-01
-8.612318705661745066e-02 5.504464328576107457e-01
-1.124090787891591919e-01 -6.821642280839715355e-03
7.956088612885883760e-02 -3.718950798820018500e-02
3.960971348328633235e-02 1.614641029935183214e-01
8.354406812623171863e-04 8.539641461739284900e-02
9.937841196561688142e-03 -1.139188800739747431e-01
2.567851238360413166e-02 1.555268394042570723e-02
-1.238551825662137160e-02 -1.533416070476718157e-02
-4.681684836585526741e-03 -1.270056070431208918e-02
-1.228313295951267980e-02 -4.510484337614046463e-03
-1.870248750463581171e-03 -1.530191752251043331e-03
-1.850025349831626708e-03 3.691324226935418867e-04
-1.167070179826237971e-03 6.233411584429610292e-04
-7.669014357838248872e-04 -2.370991192120582491e-04
-1.178454039973781016e-03 1.438024994863067564e-05
-1.215121378862359233e-03 4.258091297699322965e-04
-9.509615840192870914e-04 7.356946612532815760e-04
-7.597378161919449971e-04 9.663087194380765282e-04
-6.343978564659893613e-04 1.379681881787985301e-03
-7.315855001498248588e-05 1.199350825213357351e-03
3.329525316102245570e-04 1.059500285785648947e-03
6.327819355580378445e-04 8.733845739925755278e-04
1.006554117403419234e-03 7.122301020390758679e-04
1.672880032924012545e-03 5.221932154289238379e-04
2.134618678148213385e-03 -5.602423897164277153e-05
2.180064652264100157e-03 -8.233498710629840248e-04
1.781008764077949939e-03 -1.308559185504553930e-03
1.030165526352004937e-03 -1.276314490141122315e-03
3.573376057826396519e-04 -1.005505652768762942e-03
7.743504320721598271e-05 -1.316939144705631852e-03
-3.587564215744734153e-04 -1.351080092700204880e-03
-6.421589776734017499e-04 -1.064289735512384451e-03
-6.338644262549112925e-04 -5.132380054949381171e-04
-7.736497771952213255e-04 -2.408094305236870448e-04
-1.247658839582850522e-03 -9.064753500142143459e-07
-1.498922490011296918e-03 4.974936415690481067e-04
-1.345658143199932825e-03 1.026491001339194849e-03
-8.586072995522817976e-04 1.283954804502723031e-03
-3.254652018798114129e-04 1.167050566163981788e-03
5.616296758830289192e-05 1.071280323717068318e-03
4.470962918935017906e-04 1.190896405641247904e-03
9.044665184681630792e-04 1.121159274579784518e-03
1.293221884688980708e-03 8.187088132726131218e-04
1.372759026413830413e-03 3.290691386931235852e-04
1.101288395727543579e-03 -9.113762294232676930e-05
8.203852169372180536e-04 -3.571722101456357035e-04
6.943643245846742914e-04 -6.228139431057079511e-04
5.441184780497760991e-04 -9.276037540476364399e-04
2.435021172520800484e-04 -1.142924336597751214e-03
-1.293935630695929040e-04 -1.117443292581111547e-03
-4.137706568738763009e-04 -8.118916948844127294e-04
-5.457028531240336712e-04 -5.855669825915780190e-04
-5.816634678348888343e-04 -2.854457102587234195e-04
-6.688020865918741040e-04 -1.308692315788429991e-04
-5.517883771206121869e-04 6.245660602393718233e-05
-4.492240084270285186e-04 2.098607505104653525e-04
-3.674656475987823044e-04 3.483579376158380371e-04
-2.137196542070450003e-04 4.281115648073961734e-04
-4.689794418134048820e-05 4.097705950200831743e-04
7.281878042919944817e-05 3.039910014180121755e-04
1.663099740658241033e-04 3.019519165934276324e-04
2.457934772856592469e-04 2.462045961807162071e-04
2.980498652304878343e-04 1.487909212687906282e-04
2.867955586745478749e-04 3.282354142936018838e-05
2.537317106059790487e-04 3.678057356554971513e-04
3.751142605166888559e-04 2.778644052318847858e-04
4.791191707117968763e-04 1.421858553521718714e-04
7.125923206273876605e-04 -3.773818877411021840e-07
7.822641697814608800e-04 -2.592183737167143374e-04
6.431633491767817625e-04 -4.828316545550614914e-04
4.013073193626813182e-04 -5.695631663139857307e-04
1.882952758428190713e-04 -6.344926236671708138e-04
-2.530969323656987163e-05 -8.434865886152437394e-04
-3.854763092293328887e-04 -1.101105586517938826e-03
-8.231406009638993953e-04 -1.058811428532229013e-03
-1.078190721278057384e-03 -7.100364221064696130e-04
-1.080708774988018090e-03 -2.530259578366121469e-04
-1.068397002397220887e-03 9.886591161768461603e-05
-1.378643292136422184e-03 5.772373429898959010e-04
-1.421979977871954065e-03 1.243784698479963270e-03
-1.084095410960288783e-03 1.887481767839166262e-03
-4.116796742460037285e-04 2.179699725300364259e-03
2.874551135392921630e-04 1.951418514141808457e-03
6.913204313548435963e-04 1.414002858674260742e-03
9.804293404386827792e-04 9.530838744093057813e-04
1.489178785379845649e-03 7.297205106683664257e-04
2.135682117727875375e-04 9.767976470651867568e-04
-6.035374707368001447e-05 4.960900169456664704e-04
0.000000000000000000e+00 0.000000000000000000e+00
0.000000000000000000e+00 0.000000000000000000e+00
0.000000000000000000e+00 0.000000000000000000e+00
0.000000000000000000e+00 0.000000000000000000e+00
0.000000000000000000e+00 0.000000000000000000e+00
0.000000000000000000e+00 0.000000000000000000e+00
0.000000000000000000e+00 0.000000000000000000e+00
0.000000000000000000e+00 0.000000000000000000e+00
0.000000000000000000e+00 0.000000000000000000e+00
0.000000000000000000e+00 0.000000000000000000e+00
0.000000000000000000e+00 0.000000000000000000e+00
0.000000000000000000e+00 0.000000000000000000e+00
0.000000000000000000e+00 0.000000000000000000e+00
0.000000000000000000e+00 0.000000000000000000e+00
0.000000000000000000e+00 0.000000000000000000e+00
0.000000000000000000e+00 0.000000000000000000e+00
0.000000000000000000e+00 0.000000000000000000e+00
0.000000000000000000e+00 0.000000000000000000e+00
0.000000000000000000e+00 0.000000000000000000e+00
0.000000000000000000e+00 0.000000000000000000e+00
0.000000000000000000e+00 0.000000000000000000e+00
0.000000000000000000e+00 0.000000000000000000e+00
0.000000000000000000e+00 0.000000000000000000e+00
0.000000000000000000e+00 0.000000000000000000e+00
0.000000000000000000e+00 0.000000000000000000e+00
0.000000000000000000e+00 0.000000000000000000e+00
0.000000000000000000e+00 0.000000000000000000e+00
0.000000000000000000e+00 0.000000000000000000e+00
0.000000000000000000e+00 0.000000000000000000e+00
0.000000000000000000e+00 0.000000000000000000e+00
0.000000000000000000e+00 0.000000000000000000e+00
0.000000000000000000e+00 0.000000000000000000e+00
0.000000000000000000e+00 0.000000000000000000e+00
0.000000000000000000e+00 0.000000000000000000e+00
0.000000000000000000e+00 0.000000000000000000e+00
0.000000000000000000e+00 0.000000000000000000e+00
0.000000000000000000e+00 0.000000000000000000e+00
0.000000000000000000e+00 0.000000000000000000e+00
0.000000000000000000e+00 0.000000000000000000e+00
6.344576788027358853e-03 4.844988252156630371e-03
2.536964598858183484e-01 4.413250120934445464e-01
2.584103835351037604e-01 1.185882794366405424e+00
-1.132535221793815050e-01 9.901425009786060105e-01
-2.586727969169037578e-01 -8.384959940169134374e-02
-4.626717704213388349e-01 4.248169015443969410e-01
-2.101558568380099412e-01 8.194283975399330178e-02
4.439137373625374333e-02 1.272794687465211849e-02
0.000000000000000000e+00 0.000000000000000000e+00
0.000000000000000000e+00 0.000000000000000000e+00
0.000000000000000000e+00 0.000000000000000000e+00
0.000000000000000000e+00 0.000000000000000000e+00
0.000000000000000000e+00 0.000000000000000000e+00
0.000000000000000000e+00 0.000000000000000000e+00
0.000000000000000000e+00 0.000000000000000000e+00
0.000000000000000000e+00 0.000000000000000000e+00
0.000000000000000000e+00 0.000000000000000000e+00
0.000000000000000000e+00 0.000000000000000000e+00
0.000000000000000000e+00 0.000000000000000000e+00
0.000000000000000000e+00 0.000000000000000000e+00
0.000000000000000000e+00 0.000000000000000000e+00
1.884405539948918497e-03 7.680361336169399741e-03
-6.012707818233554991e-02 3.893643507999507980e-01
-2.452028191291770187e-01 -2.018976242290163037e-01
9.378655291936568300e-03 8.117347149907142012e-02
-2.957346547989465058e-01 5.627001729738997926e-02
-6.056599728625434720e-01 1.354932246695706721e-01
-1.420363376060297944e-01 8.175428498129376498e-03
-7.442103737941699326e-02 5.835401873230360026e-02
-2.454985244672777400e-01 -6.784246248034093985e-02
8.913526941065157833e-03 5.942198584945566908e-03
3.514662298782529962e-03 4.717953200285725929e-03
0.000000000000000000e+00 0.000000000000000000e+00
0.000000000000000000e+00 0.000000000000000000e+00
0.000000000000000000e+00 0.000000000000000000e+00
0.000000000000000000e+00 0.000000000000000000e+00
0.000000000000000000e+00 0.000000000000000000e+00
0.000000000000000000e+00 0.000000000000000000e+00
0.000000000000000000e+00 0.000000000000000000e+00
0.000000000000000000e+00 0.000000000000000000e+00
0.000000000000000000e+00 0.000000000000000000e+00
0.000000000000000000e+00 0.000000000000000000e+00
0.000000000000000000e+00 0.000000000000000000e+00
0.000000000000000000e+00 0.000000000000000000e+00
0.000000000000000000e+00 0.000000000000000000e+00
-8.894216577540137170e-02 7.017113328744857548e-02
-5.906903129156206855e-01 1.804553787102407547e-01
-8.629038289720126764e-01 -2.625175453613619314e-02
-8.995079569418621412e-01 -2.422760347883534116e-01
-9.478045209135076421e-01 -4.174332768904304158e-01
-3.577181402858742865e-01 -3.143161060987202382e-01
-3.877627278313797166e-02 1.379159378105410984e-02
-1.154490969189420763e-02 -3.800427345497605670e-03
0.000000000000000000e+00 0.000000000000000000e+00
0.000000000000000000e+00 0.000000000000000000e+00
0.000000000000000000e+00 0.000000000000000000e+00
0.000000000000000000e+00 0.000000000000000000e+00
0.000000000000000000e+00 0.000000000000000000e+00
0.000000000000000000e+00 0.000000000000000000e+00
0.000000000000000000e+00 0.000000000000000000e+00
0.000000000000000000e+00 0.000000000000000000e+00
0.000000000000000000e+00 0.000000000000000000e+00
0.000000000000000000e+00 0.000000000000000000e+00
0.000000000000000000e+00 0.000000000000000000e+00
0.000000000000000000e+00 0.000000000000000000e+00
0.000000000000000000e+00 0.000000000000000000e+00
0.000000000000000000e+00 0.000000000000000000e+00
-2.624456750058686699e-02 -1.120886606271773861e-02
-1.400940881010762085e-01 -9.588584563146861084e-02
-4.818072285800515386e-01 -3.130036165466508757e-01
-6.456030961621788133e-01 -7.875472589346577124e-01
-3.768649262755784379e-01 -6.179378250606650802e-01
-2.602217903046234460e-01 -6.610482850450284387e-01
1.186884456307397973e-02 -4.583381548835199215e-01
1.483874627961850705e-02 -5.894398251268878619e-02
-1.542873771713274521e-02 1.667413249540399683e-02
0.000000000000000000e+00 0.000000000000000000e+00
0.000000000000000000e+00 0.000000000000000000e+00
0.000000000000000000e+00 0.000000000000000000e+00
0.000000000000000000e+00 0.000000000000000000e+00
0.000000000000000000e+00 0.000000000000000000e+00
0.000000000000000000e+00 0.000000000000000000e+00
0.000000000000000000e+00 0.000000000000000000e+00
0.000000000000000000e+00 0.000000000000000000e+00
0.000000000000000000e+00 0.000000000000000000e+00
0.000000000000000000e+00 0.000000000000000000e+00
0.000000000000000000e+00 0.000000000000000000e+00
0.000000000000000000e+00 0.000000000000000000e+00
0.000000000000000000e+00 0.000000000000000000e+00
-1.000234335532615600e-02 -4.612928216550231386e-03
-2.715139426064580030e-01 -2.627783581873877061e-01
-4.166436550017496576e-01 -8.229271743590040877e-01
-2.155634248197645375e-01 -9.773443956494461959e-01
1.332177146514159360e-01 -1.029451485760122686e+00
4.141263773623622968e-01 -8.981464132409826551e-01
4.448994570171831975e-01 -5.789553806253415758e-01
1.241321668005632151e-01 -8.591425327965554470e-02
-2.569409265483953500e-02 6.816842538789290133e-03
0.000000000000000000e+00 0.000000000000000000e+00
0.000000000000000000e+00 0.000000000000000000e+00
0.000000000000000000e+00 0.000000000000000000e+00
0.000000000000000000e+00 0.000000000000000000e+00
0.000000000000000000e+00 0.000000000000000000e+00
0.000000000000000000e+00 0.000000000000000000e+00
0.000000000000000000e+00 0.000000000000000000e+00
0.000000000000000000e+00 0.000000000000000000e+00
0.000000000000000000e+00 0.000000000000000000e+00
0.000000000000000000e+00 0.000000000000000000e+00
0.000000000000000000e+00 0.000000000000000000e+00
0.000000000000000000e+00 0.000000000000000000e+00
0.000000000000000000e+00 0.000000000000000000e+00
0.000000000000000000e+00 0.000000000000000000e+00
-3.239147189245935275e-03 -1.450559555713632279e-02
5.535820417888534517e-02 -4.702219044912673285e-01
4.513459651846272180e-01 -9.635088093692852906e-01
6.368194884561411140e-01 -6.868472584744120812e-01
9.145344579604239854e-01 -4.104298818048765507e-01
1.024687003140535957e+00 -8.408529827835130310e-02
1.017657226267321580e+00 2.533249774378091290e-01
8.947835602271396738e-01 5.731236878465628681e-01
6.583362032722570589e-01 8.175739615120537485e-01
3.635478015600850377e-01 9.735519535214989251e-01
3.895151085458739559e-02 1.029388044390437074e+00
-2.781320226242472993e-01 7.455486365203993770e-01
-2.268704865978033447e-01 -3.459642534196447627e-01
-5.080759732687558650e-01 4.400653654919574609e-01
-5.926937553044476781e-01 3.291572007666916377e-01
-6.651494998642025758e-01 1.947800763568191262e-01
-7.624092330090568304e-01 3.059949429507746038e-02
-9.545900208235618134e-01 -2.179183152171163262e-01
-8.721004677612247402e-01 -5.248154979054289182e-01
-7.165359386504706052e-01 -7.118390426361316248e-01
-5.722144060811098498e-01 -8.109152319992112279e-01
-4.230744162308340828e-01 -8.904413685993373129e-01
-2.914101962673179558e-01 -9.363274959699655620e-01
-1.371046327919871743e-01 -9.696685533738869101e-01
4.885875742929363108e-02 -9.797101046060221474e-01
2.632997819395687111e-01 -9.492090910176269603e-01
4.486158700795982446e-01 -8.765799573679571299e-01
5.986723936976967586e-01 -7.789773048203275652e-01
7.411828540490370543e-01 -6.460158168942600199e-01
8.634210687157242159e-01 -4.751349158535990158e-01
9.428416672219308570e-01 -2.877249018989407880e-01
9.771095914979169850e-01 -1.089545499096239295e-01
9.802937240374975936e-01 1.060402535533820356e-01
9.354476036438640341e-01 3.155863175708297774e-01
8.413670789063225630e-01 5.209520022107859694e-01
7.087736526108722179e-01 6.902590473285887818e-01
5.081812666387663935e-01 8.572253316312119509e-01
2.504766940871318570e-01 9.733404874383890792e-01
3.932407457420954849e-02 8.140521940977877291e-01
-8.990922740950699210e-02 4.136781624869137475e-01
-3.239318751042956079e-01 3.012980478188191924e-01
-7.548494365622696600e-01 6.746722113969293444e-01
-8.759883594547503982e-01 4.863282773316343621e-01
-9.429948451346321647e-01 3.056252495637429289e-01
-9.832534328389619382e-01 1.046087806021250566e-01
-9.823693509334945340e-01 -9.677186953851854567e-02
-9.352876384313706382e-01 -3.266784999580520932e-01
-8.497467216351666242e-01 -5.008969003110680385e-01
-7.301111588767965621e-01 -6.618407486812112328e-01
-5.661967032919190679e-01 -8.088538989396240053e-01
-3.505944545398629320e-01 -9.276225898255763269e-01
-1.178794995665948253e-01 -9.853637211837473764e-01
8.734465643053407335e-02 -9.836270069085188972e-01
3.479017794087626569e-01 -9.204938441479009192e-01
6.177898966102617351e-01 -7.765294834419567138e-01
8.637026863315391267e-01 -5.150654598297341735e-01
1.019469551488778603e+00 -1.192556122441807698e-01
9.643826057488689152e-01 2.477812365215386892e-01
6.767719430285559223e-01 4.408858695818762552e-01
4.550721592669097482e-01 6.081252710460935962e-01
2.319442510238219901e-01 6.469739585280400718e-01
-2.007652121143299606e-02 6.480324575573075396e-01
-1.254887533957650958e-01 2.665299679243977593e-01
-1.126824746717618869e-01 -2.887586306637833777e-01
-1.255037430483299798e-01 6.029320522688680350e-02
-1.135895733407753516e-01 1.380723286471299653e-02
-8.959836361545819861e-02 -1.829228929515828647e-02
-9.488320857984974821e-02 9.132096348105557537e-02
-6.282818993666820784e-02 1.187914805525478734e-01
-2.259962133056079431e-02 1.357696358688169624e-01
-1.423408649875895771e-01 6.175814210346458610e-02
-1.843070803516576595e-01 2.469250898389518944e-02
-1.694711784335771743e-01 -3.261868151888472345e-02
-1.417382374432005765e-01 -8.135148843940204211e-02
-1.399757763332164506e-01 6.641781203835624148e-02
-1.155661287619012961e-01 9.210732868478999080e-02
-9.506699531893231248e-02 9.250334908255775090e-02
-6.843008166664572844e-02 1.081121326853724668e-01
-4.053064670046867962e-02 1.152590471003361317e-01
-9.617336994484011400e-03 1.159193203055249310e-01
1.925342353431194753e-02 1.120108694835080798e-01
4.535011956740526984e-02 1.018037140604208107e-01
7.145524866442345968e-02 8.516318281496468301e-02
9.024304318632549171e-02 6.441020092862871638e-02
1.061214838361406176e-01 3.539735195172900861e-02
1.138073050023867688e-01 8.894924505872350319e-04
1.118377975718234663e-01 -3.634005097254348893e-02
9.712175760740382469e-02 -7.236034300730795343e-02
7.123519641881020936e-02 -1.007366315667663492e-01
3.576139977741352866e-02 -1.212296208504228673e-01
-4.726830664497902457e-03 -1.285898151694373492e-01
-4.610095288552289172e-02 -1.220718706022372313e-01
-9.187438273749071183e-02 -9.975637826373159878e-02
-1.229273109542141224e-01 -6.269314758147699618e-02
-1.357609842452891513e-01 -1.975003799705919716e-02
-1.311801729385008997e-01 1.700399215381948395e-02
-1.181304507343046983e-01 6.244233390793314797e-02
-9.125311491018563148e-02 9.529690399908247178e-02
-6.304475035193218835e-02 1.066099593836331433e-01
-2.648282074381140550e-02 1.204491262323193340e-01
1.599978473769348916e-02 1.240060768837731864e-01
5.441011034413976988e-02 1.130836741904488602e-01
8.718720540106184025e-02 9.007499004035969536e-02
1.128662435400491770e-01 5.595654296814017714e-02
1.263986056977928762e-01 1.335395567769775277e-02
1.233388636806669186e-01 -3.290405844347327885e-02
1.035434694786706022e-01 -6.975078545678967124e-02
7.469345186623083110e-02 -9.408193987397633906e-02
4.032032346387504768e-02 -1.113140842516668616e-01
2.961255720998029820e-03 -1.170985465664508840e-01
-3.267377064074117321e-02 -1.088396149039122518e-01
-5.777499569324293094e-02 -9.048625679293677282e-02
-7.939949013778455078e-02 -6.711521714711574105e-02
-9.659556763648874389e-02 -3.652188845557669677e-02
-1.043081874140032173e-01 -3.873833179927378689e-04
-9.855632185028730119e-02 3.423580057815049649e-02
-8.178121527280345082e-02 6.041331116488863479e-02
-5.443025588070991849e-02 8.504918125679833407e-02
-2.407023023440892431e-02 9.445883749901153037e-02
7.700344672311180277e-03 9.412388431127491351e-02
3.676509265665890702e-02 8.339148058484319170e-02
5.950921751799533033e-02 6.459710061301558726e-02
7.428369064188107551e-02 4.060194434352509818e-02
8.049642398266095011e-02 1.429418250253208095e-02
3.219359872045629047e-03 3.302693444557326663e-02
5.900447559407537290e-03 3.071762966087398031e-02
1.122076071392246605e-02 3.051459296712758645e-02
8.069121254121283671e-02 6.543710770982527278e-03
8.124494918734237459e-02 -2.085518011515454656e-02
7.021023690083855184e-02 -4.521304396372179124e-02
5.211433052712860503e-02 -6.317377682550896767e-02
4.245409654270367039e-02 -6.634871940407169322e-02
3.210635497946719152e-02 -7.238720673145729312e-02
5.168468337476443339e-03 -8.509688766773784718e-02
-1.865140539987058393e-02 -8.277491735536909867e-02
-5.579865402341342706e-02 -7.917542227978950631e-02
-7.760685816416942884e-02 -6.638759414830616712e-02
-9.719810134652354106e-02 -4.450366458402703340e-02
-1.134210383589754345e-01 -9.972365033603587323e-03
-1.198537754004509737e-01 2.979730530497877797e-02
-1.096690268283799785e-01 6.412843632491649348e-02
-8.680126952293407139e-02 9.344188827791460872e-02
-5.558678511825826396e-02 1.140711811169508733e-01
-1.769834877084108110e-02 1.265367520904151777e-01
2.475559493852113463e-02 1.272951026139872988e-01
6.985335556038971272e-02 1.137088900498951227e-01
1.001302842855473219e-01 8.755268441042916849e-02
1.261750662023961578e-01 4.877592190838130753e-02
1.371567649556813540e-01 2.552187952773291718e-03
1.296455145172278889e-01 -4.021372195272190919e-02
1.091673043069225635e-01 -8.073926224115030026e-02
7.437811431355055569e-02 -1.151123636206941164e-01
3.201897288820214349e-02 -1.307315011588880416e-01
-1.038202824863710197e-02 -1.302323487072509778e-01
-4.519478744522430896e-02 -1.157267644477356777e-01
-8.550586795701545229e-02 -9.194827113682500774e-02
-1.083317224827334280e-01 -5.852534245793733492e-02
-1.139958496750395900e-01 -2.716970608993932862e-02
-1.128655731338838869e-01 6.465558859113649734e-03
-1.025520224526272894e-01 3.702080653445998654e-02
-8.411682306791705421e-02 6.846436868316102542e-02
-5.267642969465859137e-02 1.000405174829169380e-01
-2.819810643960220936e-02 1.015448833333619238e-01
-8.058587582023319165e-03 1.003656928887945166e-01
2.091603645643496864e-02 9.803942643896401687e-02
5.382786554516933580e-02 8.903033334666973775e-02
7.957502570683692988e-02 7.085013009986004806e-02
1.053292395283698668e-01 3.760282084881585996e-02
1.136927788512800824e-01 2.597552257415362831e-03
1.111473668846119922e-01 -3.915229109197633506e-02
9.338411223811284023e-02 -7.656097030118601265e-02
7.055199264172996865e-02 -9.011405640404035466e-02
4.741741919173718400e-02 -9.945111307463344597e-02
1.405399850583317206e-02 -1.114100834165791254e-01
-2.325329364223716749e-02 -1.141461158200725301e-01
-6.151245156604726039e-02 -1.026181775020894860e-01
-9.633499125727243428e-02 -7.732234765544482302e-02
-1.194430400040715767e-01 -4.054827640028429991e-02
-1.268282830995424160e-01 8.082233727809938484e-04
-1.193433147621060231e-01 3.733208107053617719e-02
-1.010010641666597986e-01 7.742474409676748659e-02
-7.084105070098864476e-02 1.042263947528670881e-01
-4.228122591024227606e-02 1.110383634197512487e-01
-1.428970160601763725e-02 1.139770373702848616e-01
-2.195565072780595803e-03 1.110551786821116493e-01
2.274303151089928157e-02 1.091447405629825118e-01
5.109523901506266702e-02 9.951413755424134977e-02
8.433877809560591521e-02 7.767068921397082826e-02
1.112429967847604617e-01 4.541574006147646586e-02
1.186133475972600687e-01 1.844108680288778987e-02
1.221989852651178821e-01 -3.032484453061841390e-02
1.096997679106312962e-01 -6.781445865553001329e-02
7.737905933183565621e-02 -1.144183447614021271e-01
5.044274861976680291e-02 -1.196951040979959829e-01
1.906176805457880999e-02 -1.262761943232619255e-01
-2.453375156812865124e-02 -1.276156897698912940e-01
-6.803653791822367181e-02 -1.139352017128159866e-01
-1.079839730558348615e-01 -8.429267534899356762e-02
-1.375505173227300759e-01 -3.804868841320967199e-02
-1.410866888484035853e-01 8.550329402179195071e-03
-1.291357138181919439e-01 5.290428351135356699e-02
-1.039340174948225476e-01 9.002703796663721891e-02
-6.868619068859281585e-02 1.162380560580987543e-01
-3.235267442162349794e-02 1.250255791921208726e-01
1.578833404784423661e-02 1.297661402807572251e-01
5.539303591674398647e-02 1.147455356362182405e-01
8.726570480808149011e-02 8.791188963872428874e-02
9.855862917674626522e-02 5.870055402028036273e-02
1.048895055244479513e-01 3.078182926553292564e-02
1.134653348506095283e-01 -1.147354865751289664e-02
1.025616652614282365e-01 -4.562148025905685134e-02
8.509303503959728121e-02 -5.896057692315474774e-02
5.879587947824066463e-02 -8.988516970757837177e-02
2.107357157678813042e-02 -1.106977206151611715e-01
-1.755291416606807181e-02 -1.127433796547921419e-01
-5.163341015919295507e-02 -9.960742237398433063e-02
-7.872382853190747209e-02 -7.601686534620585856e-02
-9.678249222472314062e-02 -4.555957488454874527e-02
-1.034666303642374496e-01 -1.129117824163820838e-02
-9.891979673711188970e-02 2.231144488963409528e-02
-8.420803522540966368e-02 5.063064496831147510e-02
-6.396667854004904619e-02 6.828315670057744091e-02
-4.018512445126375121e-02 8.150187023521096585e-02
-1.261485058009403915e-02 8.715237965555136523e-02
1.907178121232663143e-02 8.551782138649091647e-02
4.432482590956739882e-02 7.268162294886684749e-02
6.338792938443360558e-02 5.327956734280828860e-02
7.472900084107478302e-02 2.968693230158434004e-02
7.940498665956668978e-02 2.279691484902342594e-03
4.148585708466897767e-03 3.414214133528303829e-02
5.488080044940054497e-03 3.088494209585188055e-02
7.668414902907083608e-02 1.980086812809789959e-02
8.296349688961807134e-02 -6.778445205263942258e-03
7.713388775898756544e-02 -3.323266821513788660e-02
6.220778596774598906e-02 -5.440620370665391614e-02
4.459557523153576120e-02 -6.661307204685781858e-02
2.288229981625546083e-02 -7.479561487875430181e-02
2.437160650103367687e-03 -7.822907784743839132e-02
-1.854210262563039599e-02 -7.920756315234561695e-02
-7.160557249215201980e-02 -8.135936054177850263e-02
-9.868567311795800601e-02 -5.574617012577678943e-02
-1.177209482149595837e-01 -1.926171675641519601e-02
-1.187490812799849860e-01 1.179711422878217987e-02
-1.139105423836793696e-01 5.213647444276327952e-02
-9.295358244273375925e-02 9.549260818698634967e-02
-5.776627055959154822e-02 1.233176968702327653e-01
-1.703003600942403287e-02 1.312738123562889880e-01
1.985121635168549808e-02 1.248114977660001457e-01
6.186364738374972028e-02 1.112527187858516481e-01
8.908440398460162890e-02 8.649729978824208243e-02
1.058807237689098069e-01 5.598296899464100945e-02
1.153381526339586349e-01 2.128503595200932630e-02
1.147376546128262287e-01 -1.478586682784302150e-02
1.048559385876624978e-01 -4.839977703537473586e-02
8.706078841655216782e-02 -7.454948523592318244e-02
5.751080917995944619e-02 -1.010134082136979194e-01
1.748681474759955848e-02 -1.181578968581327160e-01
-2.087070731803893076e-02 -1.170503136392706534e-01
-5.661966687223903005e-02 -1.043095442896326691e-01
-8.650351433215783259e-02 -8.155974724772520335e-02
-1.067742670595949461e-01 -5.012022290872900077e-02
-1.153146113526651861e-01 -1.390799482775376475e-02
-1.141344698566103544e-01 2.906346348689558060e-02
-9.674553241024613781e-02 5.688401859708272501e-02
-7.175931778492498914e-02 8.613690258762163321e-02
-3.839674340913488276e-02 1.059380398260257178e-01
-4.252901838482019831e-03 1.108365588324118911e-01
2.999622355927393513e-02 1.043459069373510600e-01
5.489982419239056166e-02 8.719482521188851032e-02
7.464287922783165163e-02 6.553453656709450070e-02
9.149942003534435042e-02 3.725423242859685763e-02
9.970449221020484531e-02 3.628866446236677507e-03
9.435241304394562101e-02 -2.372708605406837618e-02
8.085731574788303233e-02 -5.183134277254557165e-02
5.606130911276579337e-02 -8.029594092399629235e-02
2.636276086634397470e-02 -9.208673892995912491e-02
-4.926159082579505133e-03 -9.302826098331307136e-02
-3.316032551039686110e-02 -8.388400138664584005e-02
-5.647991584476667881e-02 -6.698264621993207935e-02
-7.267812256001544846e-02 -4.430573959790998217e-02
-8.036286527072186714e-02 -1.842321061390879422e-02
-7.837175975343899093e-02 7.651849434333024905e-03
-6.861288592267714148e-02 3.176016662234112248e-02
-6.938047931124668999e-02 -3.539196324798313253e-02
-7.725757944783007147e-02 -1.008767347653884150e-02
-7.428936463852392480e-02 1.307021934958363038e-02
-6.525321157822172591e-02 3.091227681440651687e-02
-5.255690228050764745e-02 4.498402214956616352e-02
-3.865226013773605251e-02 5.645074424837410315e-02
-2.189201395766457101e-02 6.643503965144530177e-02
2.370789788173406284e-02 1.017250394441352873e-01
5.707960308797682680e-02 9.192876771717639617e-02
8.537765649555148495e-02 7.118731562832913973e-02
1.055029338309004805e-01 4.219484654851630295e-02
1.170317230768775640e-01 7.702668770587587851e-03
1.179367341899830446e-01 -3.061271250137903924e-02
1.060601269753796705e-01 -6.970590741774948529e-02
8.014477625119932613e-02 -1.060976846980338645e-01
4.173978999557433761e-02 -1.258195903234882174e-01
-2.282812891930274812e-04 -1.300689635007086786e-01
-4.080075860787676229e-02 -1.222216357741473525e-01
-7.586491027387393116e-02 -1.012281857914875127e-01
-1.017305647297951088e-01 -7.035489937268094018e-02
-1.159682221453018636e-01 -3.331648407237284421e-02
-1.176006710842845554e-01 5.844760761546670402e-03
-1.069974393608452284e-01 4.243341373552407536e-02
-8.626855092862265040e-02 7.279619368461198725e-02
-5.818621243687645272e-02 9.519074893878837207e-02
-2.488064055612541903e-02 1.073472216287348902e-01
1.004564877043023080e-02 1.062802367922659058e-01
4.221200537818779741e-02 9.474111254952133354e-02
6.863146678179632421e-02 7.389059539387711484e-02
8.652801687575190082e-02 4.656315834187647884e-02
9.439531224062501502e-02 1.615658945325048126e-02
9.270982237418290417e-02 -1.420251961368654108e-02
8.182098041059243654e-02 -4.187298575242615756e-02
6.231624389996209823e-02 -6.339263720797522206e-02
3.734871093289238858e-02 -7.691177703801130305e-02
1.014793598275779557e-02 -8.161479743964478173e-02
-1.619522313494379390e-02 -7.739554940948910333e-02
-3.837760598552567015e-02 -6.531947534162960145e-02
2.491347916971601087e-02 -4.982216539156675283e-02
1.230187902560946241e-02 -4.857138938276451406e-02
2.592283491685996519e-03 -4.702540239421489771e-02
-7.456564140203219421e-03 -4.638195055732538541e-02
-7.195221783270827620e-02 -5.341921508384245981e-02
-8.771272315490358240e-02 -2.820195252690171211e-02
-9.218586709275873592e-02 2.079305800808395333e-04
-8.742759783136730412e-02 2.756892579054318060e-02
-7.574114794731309774e-02 5.222157038583330468e-02
-5.888931050469527195e-02 7.279569306985730903e-02
-3.249787902750478352e-02 9.187817442023535341e-02
9.583553378745961540e-03 1.207074090526506632e-01
4.963106132895708789e-02 1.142306031006967149e-01
8.613729299201910994e-02 9.489413164559712399e-02
1.151002853774563961e-01 6.428102225529828961e-02
1.315666348756261983e-01 2.483735401839876067e-02
1.318117434577876779e-01 -1.815758946666786583e-02
1.161447785955066481e-01 -5.778074853781856035e-02
8.896295229185965936e-02 -8.958888207170181972e-02
5.341215242829966403e-02 -1.103112831826026652e-01
1.421566926263748837e-02 -1.180367383138893334e-01
-2.373245185442042493e-02 -1.130547893472095417e-01
-5.736972081893366299e-02 -9.769480909705235971e-02
-8.424979254194905898e-02 -7.342176462031907436e-02
-1.005236308202393791e-01 -4.167247389900932686e-02
-1.044470365120434563e-01 -7.176744190617374841e-03
-9.791873586586609390e-02 2.605625880653995516e-02
-8.119477866179723724e-02 5.463361354665226266e-02
-5.714885973091723970e-02 7.545201863218986560e-02
-2.890828247121006445e-02 8.678209989692543813e-02
2.446009817020861413e-04 8.868295381294394319e-02
2.757624515419403871e-02 8.149019490922640441e-02
5.016225001578845932e-02 6.609610603822711761e-02
6.536612708316728859e-02 4.441068799355823299e-02
7.307408174572067872e-02 1.937417213803756949e-02
3.409352459123694834e-02 7.298305682921225890e-02
5.558629761469332381e-02 5.826719741830754806e-02
6.884881588952537768e-02 3.753316557368817363e-02
7.394085900811014911e-02 1.554994392827181368e-02
7.337510967696291020e-02 -2.017682650270693871e-03
6.901513309138757046e-02 -2.055809894576582017e-02
6.179386452541745650e-02 -3.926354535691717329e-02
4.898097625556954715e-02 -9.217707080708556489e-02
1.775450491925748692e-02 -1.066072324752480038e-01
-1.664273539999450852e-02 -1.096608661266213758e-01
-5.064196589906696383e-02 -1.018275255573794225e-01
-8.254422011798892567e-02 -8.433972034158090936e-02
-1.092835656941873596e-01 -5.646720656045587511e-02
-1.272836034286373152e-01 -1.881733535604316471e-02
-1.316306895348889616e-01 2.552741952535785008e-02
-1.164234724761856327e-01 6.547879815056176223e-02
-8.912643976040168781e-02 9.754020379200328827e-02
-5.337338152781241629e-02 1.188811011360500769e-01
-1.297589413399392010e-02 1.275379985521560566e-01
-1.366631361501013595e-02 1.109694082372616047e-01
9.252980817721839085e-03 1.135865464766766947e-01
3.143434142552661154e-02 1.087433512728594454e-01
5.251771369609856827e-02 9.729531833842272603e-02
8.089849250334377184e-02 7.588533635810040812e-02
1.079550111989751593e-01 4.354102999652660622e-02
1.207105636782615787e-01 9.647218748148760764e-03
1.206712837599789034e-01 -2.669591220133504458e-02
1.095608650406921514e-01 -6.172466654578888379e-02
8.739176035863116532e-02 -9.207112982803623835e-02
5.635437416150209516e-02 -1.138555508883888762e-01
2.099395001475054881e-02 -1.259856768285876061e-01
-1.678925255260815125e-02 -1.273236857442629766e-01
-5.364651803707291833e-02 -1.165957601940337957e-01
-5.927140567102389540e-02 -1.067221201685679133e-01
-6.564568102313857179e-02 -9.336749119640136430e-02
-8.058962988169873776e-02 -7.308679340384335865e-02
-8.143777294351722817e-02 -6.784609562592075482e-02
-8.363604675152183643e-02 -6.128880794126956300e-02
-8.475990014898560077e-02 -4.274138411034870966e-02
-9.024849830745365620e-02 -4.068534922323893688e-02
-9.186031331638533359e-02 -3.780267949246413073e-02
-9.382217344537430170e-02 -3.215208782817104149e-02
-9.511042576602293797e-02 -2.595984316739980563e-02
-9.586876973444385941e-02 -2.000269331945948165e-02
-9.673021743356149948e-02 -1.413639621709165267e-02
-9.738793341972762363e-02 -7.776899608533602293e-03
-9.722813200544663803e-02 -1.847625856049192779e-03
-9.737336720481835906e-02 4.107704614459089729e-03
-9.685769802365726266e-02 1.036153825483123250e-02
-9.568413908519492195e-02 1.622616221503721604e-02
-9.483593119323471821e-02 2.217973320117782102e-02
-8.809902312182497919e-02 4.329994301905287085e-02
-8.651089671509569479e-02 4.844367694724658474e-02
-8.282405826122550552e-02 5.337768742873507527e-02
-8.024426701330489298e-02 5.689083863302061422e-02
-7.757622815488864065e-02 5.943513561166481607e-02
-7.448116871279693296e-02 6.336401608972776212e-02
-7.146151929738986386e-02 6.669327762613402877e-02
-6.698678255814695393e-02 7.105098267320449079e-02
-6.048262333581361228e-02 7.612210321844260774e-02
-5.288521181264179555e-02 8.140089319362765752e-02
-4.512474038660223286e-02 8.565122420538093251e-02
-3.981103413329079715e-02 8.818132812413320698e-02
-3.922295939624883404e-02 8.828211310899747311e-02
-3.834428612640871509e-02 8.934112456392262480e-02
-3.157237826533230984e-02 9.233090246457337225e-02
9.358382609549343450e-03 1.025162715745859959e-01
4.290370425023674189e-02 1.016867719940065529e-01
7.441008902777887513e-02 8.836118482808538732e-02
1.006987722306050687e-01 6.478850416093544229e-02
1.171850113464333321e-01 3.257021693870804785e-02
1.231380895218121552e-01 -2.930563976405013010e-03
1.182955742744901534e-01 -3.892880119412225892e-02
1.137918563555168350e-01 -3.206142580312601464e-02
1.010623914222295028e-01 -4.123781639845114366e-02
9.125060369901738522e-02 -4.932485696223021243e-02
8.618744038962257437e-02 -5.219875837172396893e-02
7.893305630194263900e-02 -5.987411452805534162e-02
6.502871418956163163e-02 -7.429772028784205340e-02
4.076544730631308233e-02 -9.296317197791489906e-02
8.438685906910995543e-03 -1.069372245302178115e-01
-3.812767555565238498e-02 -1.102698310787896541e-01
-7.382316972510340192e-02 -9.742544094663860288e-02
-1.035022293298574481e-01 -7.247569969940464985e-02
-1.230057204188281239e-01 -3.819896283657460423e-02
-1.298550958421849089e-01 1.120396375801325020e-03
-1.241527066851506600e-01 4.119703720405330089e-02
-1.058235124676863564e-01 7.787969715328510456e-02
-7.566818387194670925e-02 1.093244628816344155e-01
-4.917052617177852109e-02 1.174194566726971811e-01
-2.355622646431323325e-02 1.216721742874955769e-01
1.135368730678386340e-02 1.213473284662846541e-01
2.683566292876300025e-02 1.137771328121367359e-01
4.309277618694425799e-02 1.020551610449325214e-01
6.274469987143066474e-02 7.727649126837581040e-02
8.863560028723413420e-02 4.681407646710006309e-02
9.819923745369285584e-02 1.821880976719825879e-02
1.010486215061606186e-01 -1.222019709563582079e-02
9.629617505376802944e-02 -4.335477400868856940e-02
8.705260032316096408e-02 -7.637607682312720636e-02
6.436289700324476781e-02 -1.043439498168198809e-01
3.125916778451539452e-02 -1.220188487129680865e-01
-6.250822731640182095e-03 -1.263367907994384920e-01
-4.312904460913744020e-02 -1.194620614912064172e-01
-7.656381765390286864e-02 -1.016654692080408706e-01
-5.469158151409890707e-03 -1.295549820927592299e-01
3.240217129102619664e-02 -1.503619041116862343e-01
5.375023623622430385e-02 -1.302993959424083026e-01
8.247489429532392502e-02 -1.023120559331796853e-01
1.070468736004576982e-01 -6.498899213207864900e-02
1.094509657350877518e-01 -4.066473456529066943e-02
1.085302845004392502e-01 -1.377762466200606155e-03
3.912980739594691670e-02 7.923304051491695393e-03
3.132289346872721425e-02 1.700090487015348817e-02
2.567381466837683618e-02 1.999172713393107537e-02
1.551060142927897928e-02 2.274303318324539386e-02
5.255378662043866562e-03 2.538897741021732546e-02
5.806831192289265602e-04 2.517519875644801813e-02
-3.549958253910198182e-03 4.310476482240108674e-04
-6.516527442788308880e-03 5.239972246102815936e-03
-1.261935355163788450e-02 7.324650191273028056e-03
-1.367552241359844614e-03 3.099552737081503247e-04
-1.009019194670459328e-03 -2.189618404629056986e-04
-9.823784017535194552e-04 -6.122181766593281019e-04
-5.348975663289954165e-04 -6.493151236257618895e-04
0.000000000000000000e+00 0.000000000000000000e+00
0.000000000000000000e+00 0.000000000000000000e+00
0.000000000000000000e+00 0.000000000000000000e+00
0.000000000000000000e+00 0.000000000000000000e+00
0.000000000000000000e+00 0.000000000000000000e+00
0.000000000000000000e+00 0.000000000000000000e+00
0.000000000000000000e+00 0.000000000000000000e+00
0.000000000000000000e+00 0.000000000000000000e+00
0.000000000000000000e+00 0.000000000000000000e+00
0.000000000000000000e+00 0.000000000000000000e+00
0.000000000000000000e+00 0.000000000000000000e+00
0.000000000000000000e+00 0.000000000000000000e+00
0.000000000000000000e+00 0.000000000000000000e+00
0.000000000000000000e+00 0.000000000000000000e+00
0.000000000000000000e+00 0.000000000000000000e+00
0.000000000000000000e+00 0.000000000000000000e+00
0.000000000000000000e+00 0.000000000000000000e+00
0.000000000000000000e+00 0.000000000000000000e+00
0.000000000000000000e+00 0.000000000000000000e+00
0.000000000000000000e+00 0.000000000000000000e+00
0.000000000000000000e+00 0.000000000000000000e+00
0.000000000000000000e+00 0.000000000000000000e+00
0.000000000000000000e+00 0.000000000000000000e+00
0.000000000000000000e+00 0.000000000000000000e+00
0.000000000000000000e+00 0.000000000000000000e+00
0.000000000000000000e+00 0.000000000000000000e+00
0.000000000000000000e+00 0.000000000000000000e+00
0.000000000000000000e+00 0.000000000000000000e+00
0.000000000000000000e+00 0.000000000000000000e+00
0.000000000000000000e+00 0.000000000000000000e+00
0.000000000000000000e+00 0.000000000000000000e+00
0.000000000000000000e+00 0.000000000000000000e+00
0.000000000000000000e+00 0.000000000000000000e+00
0.000000000000000000e+00 0.000000000000000000e+00
0.000000000000000000e+00 0.000000000000000000e+00
0.000000000000000000e+00 0.000000000000000000e+00
0.000000000000000000e+00 0.000000000000000000e+00
0.000000000000000000e+00 0.000000000000000000e+00
0.000000000000000000e+00 0.000000000000000000e+00
0.000000000000000000e+00 0.000000000000000000e+00
0.000000000000000000e+00 0.000000000000000000e+00
0.000000000000000000e+00 0.000000000000000000e+00
0.000000000000000000e+00 0.000000000000000000e+00
0.000000000000000000e+00 0.000000000000000000e+00
0.000000000000000000e+00 0.000000000000000000e+00
0.000000000000000000e+00 0.000000000000000000e+00
0.000000000000000000e+00 0.000000000000000000e+00
0.000000000000000000e+00 0.000000000000000000e+00
0.000000000000000000e+00 0.000000000000000000e+00
0.000000000000000000e+00 0.000000000000000000e+00
0.000000000000000000e+00 0.000000000000000000e+00
0.000000000000000000e+00 0.000000000000000000e+00
0.000000000000000000e+00 0.000000000000000000e+00
0.000000000000000000e+00 0.000000000000000000e+00
0.000000000000000000e+00 0.000000000000000000e+00
0.000000000000000000e+00 0.000000000000000000e+00
0.000000000000000000e+00 0.000000000000000000e+00
0.000000000000000000e+00 0.000000000000000000e+00
0.000000000000000000e+00 0.000000000000000000e+00
0.000000000000000000e+00 0.000000000000000000e+00
0.000000000000000000e+00 0.000000000000000000e+00
0.000000000000000000e+00 0.000000000000000000e+00
0.000000000000000000e+00 0.000000000000000000e+00
0.000000000000000000e+00 0.000000000000000000e+00
0.000000000000000000e+00 0.000000000000000000e+00
0.000000000000000000e+00 0.000000000000000000e+00
0.000000000000000000e+00 0.000000000000000000e+00
0.000000000000000000e+00 0.000000000000000000e+00
0.000000000000000000e+00 0.000000000000000000e+00
0.000000000000000000e+00 0.000000000000000000e+00
0.000000000000000000e+00 0.000000000000000000e+00
0.000000000000000000e+00 0.000000000000000000e+00
0.000000000000000000e+00 0.000000000000000000e+00
0.000000000000000000e+00 0.000000000000000000e+00
0.000000000000000000e+00 0.000000000000000000e+00
0.000000000000000000e+00 0.000000000000000000e+00
0.000000000000000000e+00 0.000000000000000000e+00
0.000000000000000000e+00 0.000000000000000000e+00
0.000000000000000000e+00 0.000000000000000000e+00
0.000000000000000000e+00 0.000000000000000000e+00
0.000000000000000000e+00 0.000000000000000000e+00
0.000000000000000000e+00 0.000000000000000000e+00
0.000000000000000000e+00 0.000000000000000000e+00
0.000000000000000000e+00 0.000000000000000000e+00
0.000000000000000000e+00 0.000000000000000000e+00
0.000000000000000000e+00 0.000000000000000000e+00
0.000000000000000000e+00 0.000000000000000000e+00
0.000000000000000000e+00 0.000000000000000000e+00
0.000000000000000000e+00 0.000000000000000000e+00
0.000000000000000000e+00 0.000000000000000000e+00
0.000000000000000000e+00 0.000000000000000000e+00
0.000000000000000000e+00 0.000000000000000000e+00
0.000000000000000000e+00 0.000000000000000000e+00
0.000000000000000000e+00 0.000000000000000000e+00
0.000000000000000000e+00 0.000000000000000000e+00
0.000000000000000000e+00 0.000000000000000000e+00
0.000000000000000000e+00 0.000000000000000000e+00
0.000000000000000000e+00 0.000000000000000000e+00
0.000000000000000000e+00 0.000000000000000000e+00
0.000000000000000000e+00 0.000000000000000000e+00
0.000000000000000000e+00 0.000000000000000000e+00
0.000000000000000000e+00 0.000000000000000000e+00
0.000000000000000000e+00 0.000000000000000000e+00
0.000000000000000000e+00 0.000000000000000000e+00
0.000000000000000000e+00 0.000000000000000000e+00
0.000000000000000000e+00 0.000000000000000000e+00
0.000000000000000000e+00 0.000000000000000000e+00
0.000000000000000000e+00 0.000000000000000000e+00
0.000000000000000000e+00 0.000000000000000000e+00
0.000000000000000000e+00 0.000000000000000000e+00
0.000000000000000000e+00 0.000000000000000000e+00
0.000000000000000000e+00 0.000000000000000000e+00
0.000000000000000000e+00 0.000000000000000000e+00
0.000000000000000000e+00 0.000000000000000000e+00
0.000000000000000000e+00 0.000000000000000000e+00
0.000000000000000000e+00 0.000000000000000000e+00
0.000000000000000000e+00 0.000000000000000000e+00
0.000000000000000000e+00 0.000000000000000000e+00
0.000000000000000000e+00 0.000000000000000000e+00
0.000000000000000000e+00 0.000000000000000000e+00
0.000000000000000000e+00 0.000000000000000000e+00
0.000000000000000000e+00 0.000000000000000000e+00
0.000000000000000000e+00 0.000000000000000000e+00
0.000000000000000000e+00 0.000000000000000000e+00
0.000000000000000000e+00 0.000000000000000000e+00
0.000000000000000000e+00 0.000000000000000000e+00
0.000000000000000000e+00 0.000000000000000000e+00
0.000000000000000000e+00 0.000000000000000000e+00
0.000000000000000000e+00 0.000000000000000000e+00
0.000000000000000000e+00 0.000000000000000000e+00
0.000000000000000000e+00 0.000000000000000000e+00
0.000000000000000000e+00 0.000000000000000000e+00
0.000000000000000000e+00 0.000000000000000000e+00
0.000000000000000000e+00 0.000000000000000000e+00
0.000000000000000000e+00 0.000000000000000000e+00
0.000000000000000000e+00 0.000000000000000000e+00
0.000000000000000000e+00 0.000000000000000000e+00
0.000000000000000000e+00 0.000000000000000000e+00
0.000000000000000000e+00 0.000000000000000000e+00
0.000000000000000000e+00 0.000000000000000000e+00
0.000000000000000000e+00 0.000000000000000000e+00
0.000000000000000000e+00 0.000000000000000000e+00
0.000000000000000000e+00 0.000000000000000000e+00
0.000000000000000000e+00 0.000000000000000000e+00
0.000000000000000000e+00 0.000000000000000000e+00
0.000000000000000000e+00 0.000000000000000000e+00
0.000000000000000000e+00 0.000000000000000000e+00
0.000000000000000000e+00 0.000000000000000000e+00
0.000000000000000000e+00 0.000000000000000000e+00
0.000000000000000000e+00 0.000000000000000000e+00
0.000000000000000000e+00 0.000000000000000000e+00
0.000000000000000000e+00 0.000000000000000000e+00
0.000000000000000000e+00 0.000000000000000000e+00
0.000000000000000000e+00 0.000000000000000000e+00
0.000000000000000000e+00 0.000000000000000000e+00
0.000000000000000000e+00 0.000000000000000000e+00
0.000000000000000000e+00 0.000000000000000000e+00
0.000000000000000000e+00 0.000000000000000000e+00
0.000000000000000000e+00 0.000000000000000000e+00
0.000000000000000000e+00 0.000000000000000000e+00
0.000000000000000000e+00 0.000000000000000000e+00
0.000000000000000000e+00 0.000000000000000000e+00
0.000000000000000000e+00 0.000000000000000000e+00
0.000000000000000000e+00 0.000000000000000000e+00
0.000000000000000000e+00 0.000000000000000000e+00
0.000000000000000000e+00 0.000000000000000000e+00
0.000000000000000000e+00 0.000000000000000000e+00
0.000000000000000000e+00 0.000000000000000000e+00
0.000000000000000000e+00 0.000000000000000000e+00
0.000000000000000000e+00 0.000000000000000000e+00
0.000000000000000000e+00 0.000000000000000000e+00
0.000000000000000000e+00 0.000000000000000000e+00
0.000000000000000000e+00 0.000000000000000000e+00
0.000000000000000000e+00 0.000000000000000000e+00
0.000000000000000000e+00 0.000000000000000000e+00
0.000000000000000000e+00 0.000000000000000000e+00
0.000000000000000000e+00 0.000000000000000000e+00
0.000000000000000000e+00 0.000000000000000000e+00
0.000000000000000000e+00 0.000000000000000000e+00
0.000000000000000000e+00 0.000000000000000000e+00
0.000000000000000000e+00 0.000000000000000000e+00
0.000000000000000000e+00 0.000000000000000000e+00
0.000000000000000000e+00 0.000000000000000000e+00
0.000000000000000000e+00 0.000000000000000000e+00
0.000000000000000000e+00 0.000000000000000000e+00
0.000000000000000000e+00 0.000000000000000000e+00
0.000000000000000000e+00 0.000000000000000000e+00
0.000000000000000000e+00 0.000000000000000000e+00
0.000000000000000000e+00 0.000000000000000000e+00
0.000000000000000000e+00 0.000000000000000000e+00
0.000000000000000000e+00 0.000000000000000000e+00
0.000000000000000000e+00 0.000000000000000000e+00
0.000000000000000000e+00 0.000000000000000000e+00
0.000000000000000000e+00 0.000000000000000000e+00
0.000000000000000000e+00 0.000000000000000000e+00
0.000000000000000000e+00 0.000000000000000000e+00
0.000000000000000000e+00 0.000000000000000000e+00
0.000000000000000000e+00 0.000000000000000000e+00
0.000000000000000000e+00 0.000000000000000000e+00
0.000000000000000000e+00 0.000000000000000000e+00
0.000000000000000000e+00 0.000000000000000000e+00
0.000000000000000000e+00 0.000000000000000000e+00
0.000000000000000000e+00 0.000000000000000000e+00
0.000000000000000000e+00 0.000000000000000000e+00
0.000000000000000000e+00 0.000000000000000000e+00
0.000000000000000000e+00 0.000000000000000000e+00
0.000000000000000000e+00 0.000000000000000000e+00
0.000000000000000000e+00 0.000000000000000000e+00
0.000000000000000000e+00 0.000000000000000000e+00
0.000000000000000000e+00 0.000000000000000000e+00
0.000000000000000000e+00 0.000000000000000000e+00
0.000000000000000000e+00 0.000000000000000000e+00
0.000000000000000000e+00 0.000000000000000000e+00
0.000000000000000000e+00 0.000000000000000000e+00
0.000000000000000000e+00 0.000000000000000000e+00
0.000000000000000000e+00 0.000000000000000000e+00
0.000000000000000000e+00 0.000000000000000000e+00
0.000000000000000000e+00 0.000000000000000000e+00
0.000000000000000000e+00 0.000000000000000000e+00
0.000000000000000000e+00 0.000000000000000000e+00
0.000000000000000000e+00 0.000000000000000000e+00
0.000000000000000000e+00 0.000000000000000000e+00
0.000000000000000000e+00 0.000000000000000000e+00
0.000000000000000000e+00 0.000000000000000000e+00
0.000000000000000000e+00 0.000000000000000000e+00
0.000000000000000000e+00 0.000000000000000000e+00
0.000000000000000000e+00 0.000000000000000000e+00
0.000000000000000000e+00 0.000000000000000000e+00
0.000000000000000000e+00 0.000000000000000000e+00
0.000000000000000000e+00 0.000000000000000000e+00
0.000000000000000000e+00 0.000000000000000000e+00
0.000000000000000000e+00 0.000000000000000000e+00
0.000000000000000000e+00 0.000000000000000000e+00
0.000000000000000000e+00 0.000000000000000000e+00
0.000000000000000000e+00 0.000000000000000000e+00
0.000000000000000000e+00 0.000000000000000000e+00
0.000000000000000000e+00 0.000000000000000000e+00
0.000000000000000000e+00 0.000000000000000000e+00
0.000000000000000000e+00 0.000000000000000000e+00
0.000000000000000000e+00 0.000000000000000000e+00
0.000000000000000000e+00 0.000000000000000000e+00
0.000000000000000000e+00 0.000000000000000000e+00
0.000000000000000000e+00 0.000000000000000000e+00
0.000000000000000000e+00 0.000000000000000000e+00
0.000000000000000000e+00 0.000000000000000000e+00
0.000000000000000000e+00 0.000000000000000000e+00
0.000000000000000000e+00 0.000000000000000000e+00
0.000000000000000000e+00 0.000000000000000000e+00
0.000000000000000000e+00 0.000000000000000000e+00
0.000000000000000000e+00 0.000000000000000000e+00
0.000000000000000000e+00 0.000000000000000000e+00
0.000000000000000000e+00 0.000000000000000000e+00
0.000000000000000000e+00 0.000000000000000000e+00
0.000000000000000000e+00 0.000000000000000000e+00
0.000000000000000000e+00 0.000000000000000000e+00
0.000000000000000000e+00 0.000000000000000000e+00
0.000000000000000000e+00 0.000000000000000000e+00
0.000000000000000000e+00 0.000000000000000000e+00
0.000000000000000000e+00 0.000000000000000000e+00
0.000000000000000000e+00 0.000000000000000000e+00
0.000000000000000000e+00 0.000000000000000000e+00
0.000000000000000000e+00 0.000000000000000000e+00
0.000000000000000000e+00 0.000000000000000000e+00
0.000000000000000000e+00 0.000000000000000000e+00
0.000000000000000000e+00 0.000000000000000000e+00
0.000000000000000000e+00 0.000000000000000000e+00
0.000000000000000000e+00 0.000000000000000000e+00
0.000000000000000000e+00 0.000000000000000000e+00
0.000000000000000000e+00 0.000000000000000000e+00
0.000000000000000000e+00 0.000000000000000000e+00
0.000000000000000000e+00 0.000000000000000000e+00
0.000000000000000000e+00 0.000000000000000000e+00
0.000000000000000000e+00 0.000000000000000000e+00
0.000000000000000000e+00 0.000000000000000000e+00
0.000000000000000000e+00 0.000000000000000000e+00
0.000000000000000000e+00 0.000000000000000000e+00
0.000000000000000000e+00 0.000000000000000000e+00
0.000000000000000000e+00 0.000000000000000000e+00
0.000000000000000000e+00 0.000000000000000000e+00
0.000000000000000000e+00 0.000000000000000000e+00
0.000000000000000000e+00 0.000000000000000000e+00
0.000000000000000000e+00 0.000000000000000000e+00
0.000000000000000000e+00 0.000000000000000000e+00
0.000000000000000000e+00 0.000000000000000000e+00
0.000000000000000000e+00 0.000000000000000000e+00
0.000000000000000000e+00 0.000000000000000000e+00
0.000000000000000000e+00 0.000000000000000000e+00
0.000000000000000000e+00 0.000000000000000000e+00
0.000000000000000000e+00 0.000000000000000000e+00
0.000000000000000000e+00 0.000000000000000000e+00
0.000000000000000000e+00 0.000000000000000000e+00
0.000000000000000000e+00 0.000000000000000000e+00
0.000000000000000000e+00 0.000000000000000000e+00
0.000000000000000000e+00 0.000000000000000000e+00
0.000000000000000000e+00 0.000000000000000000e+00
0.000000000000000000e+00 0.000000000000000000e+00
0.000000000000000000e+00 0.000000000000000000e+00
0.000000000000000000e+00 0.000000000000000000e+00
0.000000000000000000e+00 0.000000000000000000e+00
0.000000000000000000e+00 0.000000000000000000e+00
0.000000000000000000e+00 0.000000000000000000e+00
0.000000000000000000e+00 0.000000000000000000e+00
0.000000000000000000e+00 0.000000000000000000e+00
0.000000000000000000e+00 0.000000000000000000e+00
0.000000000000000000e+00 0.000000000000000000e+00
0.000000000000000000e+00 0.000000000000000000e+00
0.000000000000000000e+00 0.000000000000000000e+00
0.000000000000000000e+00 0.000000000000000000e+00
0.000000000000000000e+00 0.000000000000000000e+00
0.000000000000000000e+00 0.000000000000000000e+00
0.000000000000000000e+00 0.000000000000000000e+00
0.000000000000000000e+00 0.000000000000000000e+00
0.000000000000000000e+00 0.000000000000000000e+00
0.000000000000000000e+00 0.000000000000000000e+00
0.000000000000000000e+00 0.000000000000000000e+00
0.000000000000000000e+00 0.000000000000000000e+00
0.000000000000000000e+00 0.000000000000000000e+00
0.000000000000000000e+00 0.000000000000000000e+00
0.000000000000000000e+00 0.000000000000000000e+00
0.000000000000000000e+00 0.000000000000000000e+00
0.000000000000000000e+00 0.000000000000000000e+00
0.000000000000000000e+00 0.000000000000000000e+00
0.000000000000000000e+00 0.000000000000000000e+00
0.000000000000000000e+00 0.000000000000000000e+00
0.000000000000000000e+00 0.000000000000000000e+00
0.000000000000000000e+00 0.000000000000000000e+00
0.000000000000000000e+00 0.000000000000000000e+00
0.000000000000000000e+00 0.000000000000000000e+00
0.000000000000000000e+00 0.000000000000000000e+00
0.000000000000000000e+00 0.000000000000000000e+00
0.000000000000000000e+00 0.000000000000000000e+00
0.000000000000000000e+00 0.000000000000000000e+00
0.000000000000000000e+00 0.000000000000000000e+00
0.000000000000000000e+00 0.000000000000000000e+00
0.000000000000000000e+00 0.000000000000000000e+00
0.000000000000000000e+00 0.000000000000000000e+00
0.000000000000000000e+00 0.000000000000000000e+00
0.000000000000000000e+00 0.000000000000000000e+00
0.000000000000000000e+00 0.000000000000000000e+00
0.000000000000000000e+00 0.000000000000000000e+00
0.000000000000000000e+00 0.000000000000000000e+00
0.000000000000000000e+00 0.000000000000000000e+00
0.000000000000000000e+00 0.000000000000000000e+00
0.000000000000000000e+00 0.000000000000000000e+00
0.000000000000000000e+00 0.000000000000000000e+00
0.000000000000000000e+00 0.000000000000000000e+00
0.000000000000000000e+00 0.000000000000000000e+00
0.000000000000000000e+00 0.000000000000000000e+00
0.000000000000000000e+00 0.000000000000000000e+00
0.000000000000000000e+00 0.000000000000000000e+00
0.000000000000000000e+00 0.000000000000000000e+00
0.000000000000000000e+00 0.000000000000000000e+00
0.000000000000000000e+00 0.000000000000000000e+00
0.000000000000000000e+00 0.000000000000000000e+00
0.000000000000000000e+00 0.000000000000000000e+00
