1.711089055393846536e-01 -9.704068251601950523e-01
1.703868847246494123e-01 -9.663120416402015689e-01
1.701400707430984482e-01 -9.649122899938045173e-01
1.700513721943499312e-01 -9.644092555268605205e-01
1.698946754356609468e-01 -9.635205840481146922e-01
1.698592489304296405e-01 -9.633196703530633176e-01
1.697870018801845571e-01 -9.629099369704878786e-01
1.601098804974383505e-01 -9.080282544062855399e-01
1.650655999498283899e-01 -9.361335360397509131e-01
1.677250293290177829e-01 -9.512159095285050991e-01
1.681493540191549285e-01 -9.536223744292948723e-01
1.685325751822313034e-01 -9.557957296443431172e-01
2.870909928766614272e-02 -1.628173928477406329e-01
-5.373687601745348250e-03 3.047569680008347520e-02
1.480390690973073520e-01 -8.395712811646890428e-01
1.515627538033439414e-01 -8.595550901760991014e-01
1.601558762488922705e-01 -9.082891092752864992e-01
1.688567376188896407e-01 -9.576341461779664943e-01
1.687580533476301103e-01 -9.570744798644900131e-01
1.681773323778353590e-01 -9.537810475862220638e-01
1.660710167297480000e-01 -9.421168371740342717e-01
1.639356568028584316e-01 -9.317214415099185354e-01
1.619344344852529649e-01 -9.215397266522840081e-01
1.596753761566569452e-01 -9.087118700327188048e-01
1.273034144415623181e-01 -8.374795171559130669e-01
1.188875658889319425e-01 -7.948651703591529394e-01
1.105883787537487867e-01 -7.490690297728989089e-01
1.033727452598438290e-01 -7.031173071548862952e-01
5.218479266693752672e-02 -5.822915999603694992e-01
4.987003890316440979e-02 -5.481802313267386539e-01
4.747063074327517729e-02 -5.146607650911600995e-01
4.347213520436263301e-02 -4.691001378348911288e-01
-4.062007056144405388e-03 2.120157867787990369e-02
8.148050439548871690e-03 4.889705693225827182e-02
2.009123592621362385e-04 -1.226066426742095095e-01
-6.471707247612309283e-03 -5.719604330025454542e-02
1.455261351943030676e-02 1.366847057764397633e-01
1.357338470129738559e-03 2.818566240762076722e-02
-3.459352383853789639e-03 -1.655403806315328824e-02
-2.329298445404127255e-03 -1.138314431085153504e-02
-2.399193914226295347e-03 -1.042685267886040226e-02
-7.233217574301042821e-04 -1.987310195539445691e-03
-5.647163892133252438e-04 -1.551545527759559239e-03
-3.960795436199432504e-04 -1.088219602403686474e-03
-2.367601276595756763e-04 -6.504931045718781012e-04
-3.477559156162166282e-04 -9.554515256373225787e-04
-3.797499895289041007e-04 -1.043354521268793564e-03
-3.541641054235586286e-04 -9.730578824325739973e-04
-3.539329279456218712e-04 -9.724227275320562140e-04
-4.773646021588804625e-04 -1.311548465278463598e-03
-3.687939126607980823e-04 -1.013252947467863140e-03
-3.318513286452427248e-04 -9.117540320688195766e-04
-3.218055954945876545e-04 -8.841536070755280207e-04
-3.625407611774811886e-04 -9.960725549670208789e-04
-5.157383111708965188e-04 -1.416979364289700253e-03
-6.285779765218344872e-04 -1.727003796860218394e-03
-6.859414426498854122e-04 -1.884608624748688403e-03
-6.744176581140044454e-04 -1.852947286949695096e-03
-5.159032784804644476e-04 -1.417432608247686313e-03
-3.300459527220793985e-04 -9.067938024863011820e-04
-4.112092245236015331e-04 -1.129788059050041392e-03
-4.349886148744314032e-04 -1.195121397087343636e-03
-3.927135899306375354e-04 -1.078971720647388952e-03
-2.516701715135271299e-04 -6.914581133836880103e-04
-2.462788115383418466e-04 -6.766454735917149139e-04
-3.776689333744502153e-04 -1.037636866475814476e-03
-4.782121828122443412e-04 -1.313877173984747586e-03
-5.123657054949451017e-04 -1.407713206350298934e-03
-4.673190319523305410e-04 -1.283948487970421699e-03
-3.659199806932284253e-04 -1.005356884281916790e-03
-3.238355562568681146e-04 -8.897308784322723778e-04
-3.849277793457255101e-04 -1.057580381873192378e-03
-4.361712526461497237e-04 -1.198370667660533882e-03
-4.634047358154309891e-04 -1.273194047721231542e-03
-4.271802256045034349e-04 -1.173668023885904863e-03
-3.338720282592125472e-04 -9.173058586297022643e-04
-2.699006464245549985e-04 -7.415459315476709539e-04
-2.819495071184396689e-04 -7.746499042342734793e-04
-3.255737507367952748e-04 -8.945065285164930389e-04
-3.538241062903502523e-04 -9.721237424914498096e-04
-3.404271773467367683e-04 -9.353159827288335705e-04
-2.690290371005633462e-04 -7.391512046114177186e-04
-2.426812904380011126e-04 -6.667613656025172088e-04
-1.948213328338191505e-04 -5.352672127889716337e-04
-2.105544867061887558e-04 -5.784936977901121696e-04
-1.713569269132341865e-04 -4.707992873612471462e-04
-1.499449376155484882e-04 -4.119703302602516020e-04
-1.528168100140708818e-04 -4.198607348267468500e-04
-1.444112715394238369e-04 -3.967667076692970793e-04
-1.244778589717427818e-04 -3.420001067469203497e-04
-9.434130046039661765e-05 -2.592005927369237374e-04
-1.044340837167144384e-04 -2.869302868331066562e-04
-1.051986653977180901e-04 -2.890309577369928103e-04
-1.005386529080398673e-04 -2.762276786472254216e-04
-8.712117838680656895e-05 -2.393634703740291742e-04
-1.350627956788875799e-04 -3.710819813361570228e-04
-1.408877839244748352e-04 -3.870860050094966425e-04
-1.508333329300617042e-04 -4.144111763264259540e-04
-2.158050270681915312e-04 -5.929194388746499662e-04
-2.496645523422958432e-04 -6.859477199987046563e-04
-2.435551316310912622e-04 -6.691622245487215776e-04
-2.106574603500937105e-04 -5.787766155515401082e-04
-1.997470420669651833e-04 -5.488004876818395770e-04
-2.552447089514921414e-04 -7.012790742794919189e-04
-3.534024274459582424e-04 -9.709651893882209920e-04
-4.062834117818446382e-04 -1.116254499769602556e-03
-3.909125624915693684e-04 -1.074023438426731022e-03
-3.291917937894139196e-04 -9.044470201061774201e-04
-3.177101650070525288e-04 -8.729015042880792141e-04
-4.438044936188317445e-04 -1.219342824870233528e-03
-5.613700714431156926e-04 -1.542351595247589031e-03
-6.468390694220865333e-04 -1.777175737258224067e-03
-6.590766601029621760e-04 -1.810798241322458292e-03
-5.857957117763289145e-04 -1.609460490518812474e-03
-4.716081404889214826e-04 -1.295732716824295411e-03
-3.985668254035512181e-04 -1.095053352939970130e-03
-4.841893069183605134e-04 -1.330299187499579512e-03
-2.792275087359153752e-04 -7.671712751424960034e-04
-1.456060661140766714e-04 -4.000493787840425750e-04
0.000000000000000000e+00 0.000000000000000000e+00
0.000000000000000000e+00 0.000000000000000000e+00
0.000000000000000000e+00 0.000000000000000000e+00
0.000000000000000000e+00 0.000000000000000000e+00
0.000000000000000000e+00 0.000000000000000000e+00
0.000000000000000000e+00 0.000000000000000000e+00
0.000000000000000000e+00 0.000000000000000000e+00
0.000000000000000000e+00 0.000000000000000000e+00
0.000000000000000000e+00 0.000000000000000000e+00
0.000000000000000000e+00 0.000000000000000000e+00
0.000000000000000000e+00 0.000000000000000000e+00
0.000000000000000000e+00 0.000000000000000000e+00
0.000000000000000000e+00 0.000000000000000000e+00
0.000000000000000000e+00 0.000000000000000000e+00
0.000000000000000000e+00 0.000000000000000000e+00
0.000000000000000000e+00 0.000000000000000000e+00
0.000000000000000000e+00 0.000000000000000000e+00
0.000000000000000000e+00 0.000000000000000000e+00
0.000000000000000000e+00 0.000000000000000000e+00
0.000000000000000000e+00 0.000000000000000000e+00
0.000000000000000000e+00 0.000000000000000000e+00
0.000000000000000000e+00 0.000000000000000000e+00
0.000000000000000000e+00 0.000000000000000000e+00
0.000000000000000000e+00 0.000000000000000000e+00
0.000000000000000000e+00 0.000000000000000000e+00
0.000000000000000000e+00 0.000000000000000000e+00
0.000000000000000000e+00 0.000000000000000000e+00
0.000000000000000000e+00 0.000000000000000000e+00
0.000000000000000000e+00 0.000000000000000000e+00
0.000000000000000000e+00 0.000000000000000000e+00
0.000000000000000000e+00 0.000000000000000000e+00
0.000000000000000000e+00 0.000000000000000000e+00
0.000000000000000000e+00 0.000000000000000000e+00
0.000000000000000000e+00 0.000000000000000000e+00
0.000000000000000000e+00 0.000000000000000000e+00
0.000000000000000000e+00 0.000000000000000000e+00
0.000000000000000000e+00 0.000000000000000000e+00
0.000000000000000000e+00 0.000000000000000000e+00
0.000000000000000000e+00 0.000000000000000000e+00
3.654270815841343962e-03 -6.329382717653380883e-03
1.559965970076581110e-01 -4.315147944809301639e-01
2.284011394913716686e-01 -1.062354936395681460e+00
1.579725021786674843e-01 -8.610198608184438385e-01
-1.387977882581432204e-02 8.546827668794518273e-02
4.959711891411813789e-02 -5.752851953185869061e-01
-3.778711671809360014e-03 -2.037168844847680460e-01
8.818751913307429358e-03 2.970316855795588490e-02
0.000000000000000000e+00 0.000000000000000000e+00
0.000000000000000000e+00 0.000000000000000000e+00
0.000000000000000000e+00 0.000000000000000000e+00
0.000000000000000000e+00 0.000000000000000000e+00
0.000000000000000000e+00 0.000000000000000000e+00
0.000000000000000000e+00 0.000000000000000000e+00
0.000000000000000000e+00 0.000000000000000000e+00
0.000000000000000000e+00 0.000000000000000000e+00
0.000000000000000000e+00 0.000000000000000000e+00
0.000000000000000000e+00 0.000000000000000000e+00
0.000000000000000000e+00 0.000000000000000000e+00
0.000000000000000000e+00 0.000000000000000000e+00
0.000000000000000000e+00 0.000000000000000000e+00
3.634565526567742292e-03 -6.104905047703528508e-03
1.293504309727829260e-01 -3.244408264225657201e-01
-4.667204555601194710e-02 1.843090364614483057e-01
3.922333760884479797e-02 -7.984031983344984373e-02
5.155912176188297974e-02 -1.416134121252298206e-01
5.805888856407999399e-02 -6.163258938806773779e-01
-1.607731003339225861e-02 -1.490585676206429289e-01
-1.722609841466394773e-02 -7.162154620984106934e-02
-4.300305259197511470e-03 -2.303534954554740666e-01
2.786922019413516638e-03 8.840090191281648607e-03
1.861616948409131143e-03 4.966912653967607907e-03
0.000000000000000000e+00 0.000000000000000000e+00
0.000000000000000000e+00 0.000000000000000000e+00
0.000000000000000000e+00 0.000000000000000000e+00
0.000000000000000000e+00 0.000000000000000000e+00
0.000000000000000000e+00 0.000000000000000000e+00
0.000000000000000000e+00 0.000000000000000000e+00
0.000000000000000000e+00 0.000000000000000000e+00
0.000000000000000000e+00 0.000000000000000000e+00
0.000000000000000000e+00 0.000000000000000000e+00
0.000000000000000000e+00 0.000000000000000000e+00
0.000000000000000000e+00 0.000000000000000000e+00
0.000000000000000000e+00 0.000000000000000000e+00
0.000000000000000000e+00 0.000000000000000000e+00
4.499240419722010109e-02 -9.100203380936984499e-02
1.523159518266467560e-01 -5.236811646943324572e-01
1.367306813927453846e-01 -7.384235906657921067e-01
1.408628895319845586e-01 -8.412105634318243208e-01
1.368827798675469887e-01 -1.022796945922320955e+00
-1.351983023701411324e-02 -4.868628796200822895e-01
-3.571607917210745803e-03 -2.019963778580960434e-02
-3.419751232603238274e-03 -8.811064849567147930e-03
0.000000000000000000e+00 0.000000000000000000e+00
0.000000000000000000e+00 0.000000000000000000e+00
0.000000000000000000e+00 0.000000000000000000e+00
0.000000000000000000e+00 0.000000000000000000e+00
0.000000000000000000e+00 0.000000000000000000e+00
0.000000000000000000e+00 0.000000000000000000e+00
0.000000000000000000e+00 0.000000000000000000e+00
0.000000000000000000e+00 0.000000000000000000e+00
0.000000000000000000e+00 0.000000000000000000e+00
0.000000000000000000e+00 0.000000000000000000e+00
0.000000000000000000e+00 0.000000000000000000e+00
0.000000000000000000e+00 0.000000000000000000e+00
0.000000000000000000e+00 0.000000000000000000e+00
0.000000000000000000e+00 0.000000000000000000e+00
1.672886592103714140e-02 -1.946797767401186804e-02
7.046464025759188732e-02 -1.419477383509772928e-01
1.982481955183683364e-01 -5.138737751327189240e-01
2.010024889632518463e-01 -9.308295797762605739e-01
1.125940386173950869e-01 -6.385525242081655506e-01
8.616686345422791549e-02 -6.372063462171637660e-01
-1.017341347064096811e-02 -4.220151563535159411e-01
-7.406610421215671820e-03 -6.030263415543591493e-02
7.676292122681787830e-03 1.861924501149316014e-02
0.000000000000000000e+00 0.000000000000000000e+00
0.000000000000000000e+00 0.000000000000000000e+00
0.000000000000000000e+00 0.000000000000000000e+00
0.000000000000000000e+00 0.000000000000000000e+00
0.000000000000000000e+00 0.000000000000000000e+00
0.000000000000000000e+00 0.000000000000000000e+00
0.000000000000000000e+00 0.000000000000000000e+00
0.000000000000000000e+00 0.000000000000000000e+00
0.000000000000000000e+00 0.000000000000000000e+00
0.000000000000000000e+00 0.000000000000000000e+00
0.000000000000000000e+00 0.000000000000000000e+00
0.000000000000000000e+00 0.000000000000000000e+00
0.000000000000000000e+00 0.000000000000000000e+00
5.385163631126515735e-03 -9.085067968223297166e-03
1.206789335079177239e-01 -3.382902742103542915e-01
2.220810929178237969e-01 -8.322187354106813650e-01
1.654599116301632700e-01 -9.219186822641861623e-01
1.656937707563615469e-01 -9.396960697144550734e-01
1.329148490062159182e-01 -9.065035761211743814e-01
5.736869403870823586e-02 -6.977455365694734679e-01
-1.522842068166795938e-02 -1.445733923959913458e-01
6.146679365783194911e-03 2.454518999184187797e-02
0.000000000000000000e+00 0.000000000000000000e+00
0.000000000000000000e+00 0.000000000000000000e+00
0.000000000000000000e+00 0.000000000000000000e+00
0.000000000000000000e+00 0.000000000000000000e+00
0.000000000000000000e+00 0.000000000000000000e+00
0.000000000000000000e+00 0.000000000000000000e+00
0.000000000000000000e+00 0.000000000000000000e+00
0.000000000000000000e+00 0.000000000000000000e+00
0.000000000000000000e+00 0.000000000000000000e+00
0.000000000000000000e+00 0.000000000000000000e+00
0.000000000000000000e+00 0.000000000000000000e+00
0.000000000000000000e+00 0.000000000000000000e+00
0.000000000000000000e+00 0.000000000000000000e+00
0.000000000000000000e+00 0.000000000000000000e+00
7.047775916875605867e-03 -1.142719206159016621e-02
1.597246028104616633e-01 -4.041628152983011146e-01
2.130042455558222025e-01 -9.363279433667461849e-01
1.542891494920258233e-01 -8.253595899743595421e-01
1.587566731552468857e-01 -8.500452461701686335e-01
1.603211821870514364e-01 -8.646838757270997045e-01
1.625518681332808191e-01 -8.820765917880161178e-01
1.574124495787193323e-01 -8.927303634772795204e-01
1.556383621157995945e-01 -8.826690135024114481e-01
1.544116493832773385e-01 -8.757119798845642844e-01
1.534031192556236656e-01 -8.699923213070657191e-01
1.102212830490409690e-01 -6.250959586909634602e-01
-5.314447368556936280e-02 3.013972874261207080e-01
1.085415363586536841e-01 -6.155696418242071477e-01
1.124343044558253069e-01 -6.376466267616842654e-01
1.165073449524861027e-01 -6.607459872809631207e-01
1.288576139837310230e-01 -7.307878435052503896e-01
1.649820909336605912e-01 -9.356599328745844879e-01
1.690868235698625988e-01 -9.589390284486685179e-01
1.692122581062416309e-01 -9.596504030543869801e-01
1.691766390316433166e-01 -9.594483972441860686e-01
1.694283198718596339e-01 -9.608757502176508147e-01
1.696758840349140707e-01 -9.622797563547702548e-01
1.698683982631591927e-01 -9.633715587974345240e-01
1.699740767984334600e-01 -9.639708915532592126e-01
1.699993076806910197e-01 -9.641139829970999386e-01
1.699594455888320255e-01 -9.638879138402483004e-01
1.699259228427864032e-01 -9.636977969000561917e-01
1.699456683209842056e-01 -9.638097790715791646e-01
1.699380726486031667e-01 -9.637667018728965918e-01
1.698980912703162982e-01 -9.635399562090953829e-01
1.698966115650149544e-01 -9.635315643833212151e-01
1.699391407960548772e-01 -9.637727596381201467e-01
1.699216873131279559e-01 -9.636737760177076506e-01
1.698639944094088583e-01 -9.633465833017248459e-01
1.698133774553525766e-01 -9.630595202904213004e-01
1.698185478797029080e-01 -9.630888432240390928e-01
1.696916073626782151e-01 -9.623689277776636963e-01
1.368573449376254692e-01 -7.761565722259050615e-01
7.129639398489467927e-02 -4.043419430108345924e-01
6.536358574070179339e-02 -3.706953154762655522e-01
1.696559460993787571e-01 -9.621666827034491831e-01
1.692617177818960261e-01 -9.599309028137306132e-01
1.692780765196441606e-01 -9.600236778257138504e-01
1.694504532758564497e-01 -9.610012749893455108e-01
1.696031645413166311e-01 -9.618673436128002407e-01
1.696751511733853302e-01 -9.622756000905066109e-01
1.696170067797179715e-01 -9.619458468477881663e-01
1.696232296937103534e-01 -9.619811387467782637e-01
1.696216564432635743e-01 -9.619722164001216491e-01
1.695314890689199605e-01 -9.614608518092842004e-01
1.692940792457088839e-01 -9.601144337951085239e-01
1.691497666704813718e-01 -9.592959965108787124e-01
1.624089128024664708e-01 -9.501902316056844988e-01
1.601939614382384969e-01 -9.441657865616275291e-01
1.562620385443899140e-01 -9.302884670732061156e-01
1.480182156793811987e-01 -9.017450819563868070e-01
1.357849593294633561e-01 -8.531064539944899217e-01
7.078794887047408502e-02 -7.020582260861947255e-01
6.304767779997993982e-02 -6.488601636810612527e-01
5.674151395232095163e-02 -5.957340324339541748e-01
5.216255596669936573e-02 -5.445108105973649470e-01
-4.408914492655981870e-03 -2.284276053368735626e-01
6.779432274207804199e-03 2.707303925454461746e-01
-1.344833793914829330e-02 -1.175735428331392968e-01
-1.015699855472168914e-02 -9.691906737217428902e-02
-7.419400156803013756e-03 -7.768272141678497777e-02
-1.018533482270107295e-02 -1.118789558079092555e-01
-1.072575947065795496e-02 -1.137935230414858501e-01
-1.118367486996048321e-02 -1.167669807867170728e-01
-1.427059935753486122e-02 -1.316261699195587498e-01
-1.872384894089161589e-02 -1.575290299595344112e-01
-1.686932925911821535e-02 -1.462306435586755993e-01
-1.561904454511664833e-02 -1.384382087968419328e-01
-1.463275947939278801e-02 -1.312431512795439181e-01
-1.449062024922557861e-02 -1.318065934895789881e-01
-1.346312066491573908e-02 -1.283154875251009408e-01
-1.160000610423965808e-02 -1.251856092739283555e-01
-1.005768395086110642e-02 -1.206463542543424888e-01
-8.772248543422537723e-03 -1.148304768794388420e-01
-8.193323904627947823e-03 -1.122902053649799947e-01
-7.733919269541240579e-03 -1.101893906593274797e-01
-7.664052312028900305e-03 -1.093660892534922546e-01
-7.584031810274120128e-03 -1.092338826831270593e-01
-7.733234332590089438e-03 -1.092647970568167565e-01
-7.838812155979358459e-03 -1.097537635935989797e-01
-8.340431745743436334e-03 -1.119970284282466588e-01
-9.071055501546573113e-03 -1.140635360752098731e-01
-9.629521256282401812e-03 -1.155093189502895967e-01
-9.891137659497699006e-03 -1.170759948306633325e-01
-1.021123900529148469e-02 -1.183341530814764619e-01
-1.060206442437079503e-02 -1.191514781342660478e-01
-1.098782070841663322e-02 -1.195763654615788901e-01
-1.164165598551376857e-02 -1.195936421892818680e-01
-1.195583153878563946e-02 -1.188426719043396973e-01
-1.196094466326635616e-02 -1.178316633675957903e-01
-1.152366080619401933e-02 -1.164768251126330478e-01
-1.150571637352242396e-02 -1.149883944575646189e-01
-1.146404803941821621e-02 -1.130251555086929371e-01
-1.110400515445912964e-02 -1.124630225105335418e-01
-1.081214096438460996e-02 -1.124201323534488040e-01
-1.071477311821732691e-02 -1.125804219588488753e-01
-1.070592864394797304e-02 -1.121113536553843271e-01
-1.069695728331257652e-02 -1.111636274832345228e-01
-1.085579701850654388e-02 -1.100748618210291296e-01
-1.103779108129422822e-02 -1.080421577237755532e-01
-1.102311981989723307e-02 -1.056350894951981062e-01
-1.076067262476848238e-02 -1.030577702826455111e-01
-1.036505298651579920e-02 -1.016897692002710352e-01
-1.016162962391889413e-02 -1.006652600157494915e-01
-9.889018734173467967e-03 -9.801942078630285216e-02
-9.609626756374275297e-03 -9.497625669234474599e-02
-9.330790857279138567e-03 -9.305173089026488875e-02
-8.929511718751396293e-03 -9.157957102160524387e-02
-8.631679236051159262e-03 -9.064841798700884468e-02
-8.547879698824790984e-03 -8.982155418632978283e-02
-8.524360218634507991e-03 -8.858883699066603945e-02
-8.232496643878213505e-03 -8.564647028480566748e-02
-8.179906185471021163e-03 -8.304442429202102405e-02
-8.069742468981075736e-03 -8.037120313644083303e-02
-7.795473037138580218e-03 -7.754323923304246025e-02
-7.354460844264248953e-03 -7.480216678303995559e-02
-6.934509238789143132e-03 -7.217615924626470669e-02
-6.577773460895797522e-03 -6.975600479779223151e-02
-2.549140365567524255e-03 -1.807499433648924320e-02
-1.768880239421653962e-03 -1.108005898815405191e-02
-1.244084598795975596e-03 -6.789771027160398931e-03
-7.366476075311273984e-03 -6.879922794681654630e-02
-7.708740282389126355e-03 -7.115506980964761419e-02
-7.804611710611798064e-03 -7.021020134192415552e-02
-7.719269759199121929e-03 -6.788901519288075004e-02
-7.903470423093621883e-03 -7.185300688957439730e-02
-7.387574538395498373e-03 -7.490411449469694394e-02
-6.846256661299846696e-03 -8.219262116336394086e-02
-6.548618080533059362e-03 -7.968253503470712484e-02
-7.298325116705564955e-03 -9.049258150767416908e-02
-8.089205449671997908e-03 -9.726513961314818546e-02
-8.479533901867647439e-03 -1.018464606454014265e-01
-8.918963858659131883e-03 -1.060937992709610062e-01
-9.790499796734387916e-03 -1.147310393760313102e-01
-1.027486265881651442e-02 -1.189865209032894555e-01
-1.043279769154576223e-02 -1.198323490015501536e-01
-1.052022589328358015e-02 -1.194975620539555639e-01
-1.039769108266124994e-02 -1.196641292470710383e-01
-1.040083200222669500e-02 -1.200534891890741584e-01
-1.070684648578923773e-02 -1.206569140796854289e-01
-1.122768179650248353e-02 -1.210610673505892604e-01
-1.143323987488412477e-02 -1.210786896488609821e-01
-1.153949976374204697e-02 -1.207919473590688131e-01
-1.155059030097889058e-02 -1.195402562735616292e-01
-1.160830816787982236e-02 -1.184311350241205180e-01
-1.168350343082438098e-02 -1.168001608201053865e-01
-1.179093290216464904e-02 -1.141244775769685027e-01
-1.182108670597992184e-02 -1.114686068346048275e-01
-1.159038388102228562e-02 -1.083988221876627384e-01
-1.107750733495189641e-02 -1.062632573825429555e-01
-1.078802510087101610e-02 -1.042848419358842760e-01
-1.055434232703814437e-02 -1.030585816187735843e-01
-1.012190042867244788e-02 -1.009065878493876772e-01
-9.701373348050976175e-03 -9.862031918744262882e-02
-9.433377478581210854e-03 -9.727131645576489460e-02
-9.202527019064914854e-03 -9.689534270963198748e-02
-9.257055323006526185e-03 -9.585437622579871808e-02
-8.923006689229819738e-03 -9.604060514476839283e-02
-8.312691940375789915e-03 -9.572502009987594873e-02
-8.022443570869293439e-03 -9.795461080057012160e-02
-8.252658344899339513e-03 -1.003170632348801272e-01
-8.536354369037152737e-03 -1.015874928613496875e-01
-9.150837317747037222e-03 -1.031080951391348810e-01
-9.417739053166118701e-03 -1.044259799207336997e-01
-9.720118619549401179e-03 -1.053875573406232724e-01
-9.917554392226034937e-03 -1.050732167832134217e-01
-9.655735321361994666e-03 -1.047181538330756445e-01
-9.276716860478940660e-03 -1.058967443034313782e-01
-9.223220254632378406e-03 -1.087607717326118661e-01
-9.375284900004698593e-03 -1.100356136398664558e-01
-9.823068889129610987e-03 -1.111897101905544027e-01
-1.029928580562083397e-02 -1.118429539459543931e-01
-1.065772075371478403e-02 -1.117279606637783806e-01
-1.074588069896414630e-02 -1.116538349386077406e-01
-1.063546767080490209e-02 -1.115874000338850508e-01
-1.071237195650773244e-02 -1.104650053667358967e-01
-1.068467770390272957e-02 -1.087379852045563117e-01
-1.038279636407534942e-02 -1.083615331770994700e-01
-9.835960875718186697e-03 -1.101806702931387716e-01
-8.440439129372432139e-03 -1.109906618635286418e-01
-7.765827578684701173e-03 -1.108302173550503450e-01
-7.509875025205863495e-03 -1.106098857197551216e-01
-8.377126159836479485e-03 -1.131498561379044587e-01
-9.223393185477948841e-03 -1.155469695115492607e-01
-9.143846960237619198e-03 -1.162821890451216506e-01
-9.932213372941756102e-03 -1.190084217706083303e-01
-1.045318577689164849e-02 -1.203921574185631144e-01
-1.130818072777220462e-02 -1.203610930347317476e-01
-1.120067040314082565e-02 -1.211078550728779818e-01
-1.068156846857231529e-02 -1.213260502100566574e-01
-1.072582954550465976e-02 -1.215585743581146655e-01
-1.111120643083857856e-02 -1.219421445676551197e-01
-1.170531520518726040e-02 -1.220986192706086382e-01
-1.221400768255587188e-02 -1.207694354762904321e-01
-1.227018036490498155e-02 -1.192603905354257809e-01
-1.209679744670503002e-02 -1.175819287816269182e-01
-1.182467568778057879e-02 -1.155151570807220612e-01
-1.163854290849072361e-02 -1.132950658170895630e-01
-1.136004471612598807e-02 -1.111021467170077437e-01
-1.130478268628689817e-02 -1.081605703826699627e-01
-1.117206599734692912e-02 -1.050427391440181546e-01
-1.084973705053771630e-02 -1.018234466301211061e-01
-1.016083181208030789e-02 -1.002994120340659906e-01
-9.581022731721969277e-03 -1.008149638093462086e-01
-9.523791490227423093e-03 -9.919471487382541808e-02
-9.368180728553800879e-03 -9.708729487858183682e-02
-8.756728084143614033e-03 -9.742005713441449777e-02
-8.804886155637486889e-03 -9.821304608173364592e-02
-9.086565337607309736e-03 -9.819352403948264363e-02
-9.213420343191633041e-03 -9.648974383048036785e-02
-9.147970428817844141e-03 -9.402448328393657462e-02
-9.101923951936336660e-03 -9.180733399350002322e-02
-9.035170671278704851e-03 -8.922597706848750532e-02
-8.772490291838797027e-03 -8.695847609737836215e-02
-8.361509937616961111e-03 -8.469624801168097739e-02
-7.992853342062709171e-03 -8.284504507230183723e-02
-7.620718801446452889e-03 -8.144014991058824704e-02
-7.207238510158848685e-03 -7.891241544255032936e-02
-7.018804928514619373e-03 -7.675035950346673075e-02
-6.914408771604050111e-03 -7.451987056313717772e-02
-6.623836387256564623e-03 -7.254471750229662952e-02
-6.327358980461069912e-03 -7.051617198938786579e-02
-6.040453118848703763e-03 -6.851266858518251235e-02
-2.274618096789934093e-03 -1.803515889251553622e-02
-1.092623697726474719e-03 -6.434300061183778965e-03
-6.937345761591909472e-03 -6.738611691792924241e-02
-7.412942729729759747e-03 -7.077816223685384767e-02
-7.659794084684822674e-03 -7.093407467676181299e-02
-7.668530818448478920e-03 -6.887453110812280510e-02
-7.584313951519046360e-03 -6.747311143857392945e-02
-7.088572254234289452e-03 -6.366712033920576830e-02
-7.132847140354210344e-03 -6.288411646131711330e-02
-7.543934477011995411e-03 -6.628924578549091895e-02
-9.757741765355612551e-03 -9.519488505321563321e-02
-1.011747104687148353e-02 -9.879053002557988683e-02
-1.045456605927204755e-02 -1.018205804831118361e-01
-1.083305009499068057e-02 -1.053070216275635296e-01
-1.117244636583904389e-02 -1.096868568999281451e-01
-1.167830502621900954e-02 -1.135472957622688517e-01
-1.220611987873186470e-02 -1.160313958513889132e-01
-1.221062847829253693e-02 -1.143856225419864481e-01
-1.176886035521317042e-02 -1.116823791232165880e-01
-1.122197976442949365e-02 -1.106674945502634233e-01
-1.102483511677800933e-02 -1.096389939098842692e-01
-1.070925730713181631e-02 -1.076320078385289009e-01
-1.040004338723122569e-02 -1.060316105901607242e-01
-1.021338136044547436e-02 -1.049590464470935847e-01
-9.949781156618167643e-03 -1.053622972489278165e-01
-9.796264807413837886e-03 -1.061812702210416237e-01
-9.572800772243124715e-03 -1.058315052129949058e-01
-9.730750246739715281e-03 -1.058289165062426679e-01
-1.002553265266998943e-02 -1.052479687447012702e-01
-1.002101274493322203e-02 -1.051385192237354049e-01
-9.992078436718832696e-03 -1.053928622996189862e-01
-9.968635941835826339e-03 -1.045640287900905657e-01
-9.864448218828010886e-03 -1.029002018422425641e-01
-9.863492022077452459e-03 -1.015910345610384624e-01
-9.989064546129276106e-03 -9.930736065359277442e-02
-9.631214345553910927e-03 -9.810458605572308644e-02
-9.401884528561001500e-03 -9.723069624750056705e-02
-9.355663019612426440e-03 -9.646106597903095214e-02
-9.180771498430153818e-03 -9.457575528423511901e-02
-8.907988067725382958e-03 -9.164830521340693037e-02
-8.685505140745760147e-03 -8.985115719659628186e-02
-8.306117796387728347e-03 -8.873625738154974907e-02
-8.053676195907865515e-03 -8.811307268173031171e-02
-7.995258991917520222e-03 -8.752348984501442941e-02
-7.767914589988282950e-03 -8.597625382679842387e-02
-7.666902844393220888e-03 -8.419700954024228468e-02
-7.834828528344000773e-03 -8.223142249285907146e-02
-7.728561261971932106e-03 -7.994264310317500399e-02
-7.414412830790886172e-03 -7.764717174829782742e-02
-7.091334339633799735e-03 -7.549440759362770204e-02
-6.786636411504765563e-03 -7.338657773851232913e-02
-6.536789338567160733e-03 -7.108810990536740260e-02
-6.223558177696776259e-03 -6.785818506169802311e-02
-5.979497541089459980e-03 -6.477550717012790782e-02
-7.050745031040075647e-03 -6.758329403099172517e-02
-7.059691352299932166e-03 -6.602278240051363822e-02
-6.980411418163017835e-03 -6.279970112144252214e-02
-6.674102501759870097e-03 -5.952997236674565512e-02
-6.199533142157693730e-03 -5.507214754646500704e-02
-6.076155384409212545e-03 -5.229525744250042990e-02
-6.127310869042072207e-03 -5.170881142089503446e-02
-9.481083819013830238e-03 -9.035637070785260128e-02
-9.838552740106034158e-03 -9.356189846076190531e-02
-1.009499836969811500e-02 -9.594244286211797701e-02
-1.021556861141771806e-02 -9.776262204742910966e-02
-1.054590242071555897e-02 -1.006532310302347411e-01
-1.105512717849852639e-02 -1.044625229547185008e-01
-1.163799841765308062e-02 -1.089560337558735659e-01
-1.215403297312750257e-02 -1.150123688164145369e-01
-1.207817827848724213e-02 -1.147223013982096584e-01
-1.170839535105333215e-02 -1.126968444745717057e-01
-1.135904624703844290e-02 -1.117636017680878752e-01
-1.110225784175031954e-02 -1.097476676206439183e-01
-1.089460924714285434e-02 -1.072481094823982684e-01
-1.067476048643352035e-02 -1.045229748239955014e-01
-1.053863556801994290e-02 -1.019022346384563515e-01
-1.022404130624073731e-02 -9.966686248344927557e-02
-9.848031169154693870e-03 -9.785731551090146030e-02
-9.530158997832062148e-03 -9.681773734173641788e-02
-9.371893624402140299e-03 -9.565078953179731447e-02
-9.066009408942306974e-03 -9.263094999502832771e-02
-8.843539251731962619e-03 -8.991920189399781049e-02
-8.719818034889990910e-03 -8.733873203435531252e-02
-8.421028751203204349e-03 -8.513618398190911374e-02
-8.012028381909326244e-03 -8.307705721247549135e-02
-7.713151894963058211e-03 -8.143720228514303439e-02
-7.488995807624271306e-03 -7.983526947724561840e-02
-7.218626017600966380e-03 -7.718674803083916403e-02
-6.947855406680527104e-03 -7.419549333557926007e-02
-6.738754434888223968e-03 -7.130452109581658648e-02
-6.431760372962542702e-03 -6.856268631835260585e-02
-5.989839256092979562e-03 -6.576333361508046593e-02
-5.017141730810787889e-03 -4.448343197075963623e-02
-4.307834165878010949e-03 -3.691407515215292673e-02
-3.742643774785804449e-03 -3.077728343252171539e-02
-3.333999860707287811e-03 -2.692375273345558664e-02
-8.025640062862030369e-03 -7.755025842034073136e-02
-8.345877247554049985e-03 -7.956548847660832591e-02
-8.410373343817837549e-03 -7.900363185658168530e-02
-8.381509688540270467e-03 -7.770240578202435022e-02
-8.351540843284509241e-03 -7.701900628863624088e-02
-8.566635367838981024e-03 -7.808611719134553319e-02
-8.814282831084294806e-03 -7.836993108841894262e-02
-1.097237764255698175e-02 -1.033301164888264789e-01
-1.137265155231743929e-02 -1.062669361698904830e-01
-1.164621417094479847e-02 -1.094391500176278287e-01
-1.184608055075712235e-02 -1.126889094410652714e-01
-1.188725956608962381e-02 -1.145343137252164412e-01
-1.180179998623286618e-02 -1.138223307481642799e-01
-1.160682765924488449e-02 -1.108906346235218887e-01
-1.136329571924325071e-02 -1.078281589042437150e-01
-1.112850939018700247e-02 -1.045807205974045861e-01
-1.074562528350302484e-02 -1.014764885878637890e-01
-1.028529361534693404e-02 -9.870308246549239217e-02
-9.826755375477136747e-03 -9.692226017750948941e-02
-9.592901447531441625e-03 -9.565701461061901223e-02
-9.310230287212752781e-03 -9.314511907176808991e-02
-8.976957981413581297e-03 -8.954680171106656206e-02
-8.736855601757000100e-03 -8.660116387624518242e-02
-8.504741039948495590e-03 -8.357834970965792587e-02
-8.128289859882908280e-03 -8.087813677644521693e-02
-7.641132452253241933e-03 -7.825817299054751985e-02
-7.264807314784222855e-03 -7.594607892794494330e-02
-6.953817596513558325e-03 -7.370893322058232056e-02
-6.662121726478687986e-03 -7.108578140210869423e-02
-6.321976479040085362e-03 -6.766799708329884755e-02
-6.027378882991464570e-03 -6.434296532958787285e-02
-7.285812978578985223e-03 -6.835005721726135353e-02
-7.461900745715241770e-03 -6.775692954259025791e-02
-7.405049210451602679e-03 -6.493375152208241685e-02
-7.110821396078289766e-03 -6.143439257004296161e-02
-6.909445580031875131e-03 -6.048020562698988578e-02
-6.585302144206012058e-03 -5.734608028119551892e-02
-6.592707828125920870e-03 -5.649154025740570073e-02
-9.507949111010055229e-03 -9.137415654082657601e-02
-9.848866018361931290e-03 -9.454757586347320442e-02
-1.006998856616974324e-02 -9.684529526317436909e-02
-1.019002536012096616e-02 -9.899198826228407244e-02
-1.063323065937653820e-02 -1.024702263640009103e-01
-1.118485205051212086e-02 -1.067417813158921258e-01
-1.182820181069762014e-02 -1.119031770748294963e-01
-1.222681184215500955e-02 -1.174138153738583240e-01
-1.208467567122627206e-02 -1.170922751994318833e-01
-1.171153316417550098e-02 -1.159608418108087347e-01
-1.149371604366245837e-02 -1.144013067540165518e-01
-1.134218495172163027e-02 -1.124846111562249756e-01
-1.121567965373188036e-02 -1.103925362324158915e-01
-9.408943485837586648e-03 -1.136355526820053558e-01
-8.152797818246855510e-03 -1.133793238032449191e-01
-7.327911457837844346e-03 -1.108460462107676847e-01
-6.962529015601357299e-03 -1.089449303085446435e-01
-7.512765310548823010e-03 -1.107971658768235612e-01
-8.665306131142228377e-03 -1.149637423371110412e-01
-9.317943574109081861e-03 -1.171886724864512203e-01
-9.653508439480134457e-03 -1.192452781291007818e-01
-9.936220936495794923e-03 -1.203214675368505793e-01
-1.017260513847187409e-02 -1.202502639192672695e-01
-1.024920208535824717e-02 -1.209668179667658106e-01
-1.026402319149940200e-02 -1.217009333598423337e-01
-1.041028203478299580e-02 -1.214857441410141653e-01
-1.044611291669763319e-02 -1.217025190038673599e-01
-8.491881333924203995e-03 -1.151252870108031567e-01
-6.901289752133941621e-03 -1.093500448933418523e-01
-6.604911359750232844e-03 -1.073331698533002421e-01
-6.108719477255326706e-03 -1.053318333432311515e-01
-5.171810737783019349e-03 -9.631519326214788013e-02
-5.237565351471334257e-03 -1.006293650303063114e-01
-5.149309234664669992e-03 -1.010516984494763681e-01
-5.144972454242811161e-03 -1.010661563985566641e-01
-5.036742941944435080e-03 -1.005322671812671070e-01
-4.868768835181869724e-03 -9.988283365549885384e-02
-4.871777523807873690e-03 -9.974284448234770062e-02
-4.851341683285510104e-03 -9.970027909097817220e-02
-4.733874711219783482e-03 -9.923116626969344378e-02
-4.815100052875816682e-03 -9.948465344407725341e-02
-4.770534229971344804e-03 -9.943288104248830528e-02
-4.689040891232718056e-03 -9.904759817092077812e-02
-4.801345443479873749e-03 -9.943816917108883047e-02
-4.720746011764847400e-03 -9.925364704876053767e-02
-5.141298667719893141e-03 -1.008983392234145404e-01
-5.078799588652168837e-03 -1.003968521675978748e-01
-4.960877339930985959e-03 -1.002467196685616346e-01
-4.840989972378564356e-03 -9.955733878916607493e-02
-4.887344935981803411e-03 -9.970168091657476139e-02
-4.900080538837756766e-03 -9.967030050298332500e-02
-4.835119175698617683e-03 -9.962908279515442223e-02
-4.766580830883195008e-03 -9.923372935536149686e-02
-4.781587464117539009e-03 -9.910627027461399452e-02
-4.686456309447448870e-03 -9.885702777906253680e-02
-4.699365115981338735e-03 -9.876153942070579894e-02
-4.602044663889433458e-03 -9.831807596774064240e-02
-4.756624961115749582e-03 -9.888463544767532587e-02
-4.898359089828187123e-03 -9.947306309460776652e-02
-4.871878190521932925e-03 -9.931594348283395712e-02
-6.415075005160454646e-03 -1.056766938232475139e-01
-7.435745815689480051e-03 -1.102285619812363310e-01
-8.472466407528104690e-03 -1.139988658040111125e-01
-9.129157925217472672e-03 -1.155756189877911455e-01
-9.493588522940707083e-03 -1.170112978605501175e-01
-9.658292405971730804e-03 -1.183556273229213474e-01
-9.836202090795241604e-03 -1.187859854853760277e-01
-7.468035163174017305e-03 -1.103544032952578358e-01
-6.390187952904537692e-03 -1.052663551334604708e-01
-5.704948394274792986e-03 -1.024356240503455640e-01
-5.341015378438101341e-03 -1.008884475928405189e-01
-5.074531372297214071e-03 -9.999369409414858578e-02
-5.302266617463725039e-03 -1.007663260482690448e-01
-6.132293254547276952e-03 -1.041586793539763661e-01
-7.238538671292359464e-03 -1.080604338565280542e-01
-8.633456295255002161e-03 -1.127898844022904579e-01
-9.582200766190020202e-03 -1.164397353522248768e-01
-1.010683133923899815e-02 -1.186797805471043743e-01
-1.045534968501809006e-02 -1.195857257759589676e-01
-1.082586880311198554e-02 -1.202876180224232566e-01
-1.105420924790784243e-02 -1.207550744926283309e-01
-1.109766123075584150e-02 -1.210834754460440310e-01
-1.111739995063295433e-02 -1.208132165456295981e-01
-1.070821211894371593e-02 -1.207826742476031667e-01
-9.679764744200559240e-03 -1.184710800063164121e-01
-9.310138725548396457e-03 -1.167595846203958732e-01
-7.805227244767316309e-03 -1.114466301759921563e-01
-6.284308274161855279e-03 -9.887364955639039998e-02
-6.031760836954524509e-03 -9.525780555742861810e-02
-6.653199870687671533e-03 -9.460755390510451612e-02
-7.332292942382712467e-03 -9.624064009404323383e-02
-7.902316703920744118e-03 -9.968361023070573812e-02
-8.805570421118968233e-03 -1.093362234970824687e-01
-9.476316527498985717e-03 -1.157975383975304307e-01
-1.001192481531941805e-02 -1.188381065465437258e-01
-1.022541538567533700e-02 -1.192973440210020886e-01
-1.017642516071596941e-02 -1.198899075555067001e-01
-1.020811815596372671e-02 -1.201259733833014431e-01
-1.008480860431069069e-02 -1.226696027244454645e-01
-1.255567651685160491e-02 -1.453164472028805609e-01
-1.254830940303582054e-02 -1.378536480907129880e-01
-1.107233062358173314e-02 -1.279135374845400963e-01
-9.980212694334288440e-03 -1.191954213078700309e-01
-9.744649037318652701e-03 -1.144590119681364870e-01
-8.290762218423590110e-03 -1.041715767111887625e-01
-7.993185428128671277e-03 -3.843423391988756016e-02
-7.005137621657313123e-03 -3.405296589037760946e-02
-6.464448529904526751e-03 -3.188746740127404444e-02
-5.248871068344973349e-03 -2.653165144965004621e-02
-4.774841101613776576e-03 -2.407088396983722220e-02
-4.929837233392349999e-03 -2.414350342733515356e-02
1.259993616118144509e-06 -3.197801377055866029e-04
-1.244644564911302027e-03 -7.058730092867475034e-03
-2.730335505585206480e-03 -1.350330518434252926e-02
-4.509630622882038632e-04 -1.239010830644948682e-03
-3.093807368767038024e-04 -8.500165885829758568e-04
-3.404717094188965793e-04 -9.354383335915343036e-04
-2.474452673025669624e-04 -6.798502844647159610e-04
0.000000000000000000e+00 0.000000000000000000e+00
0.000000000000000000e+00 0.000000000000000000e+00
0.000000000000000000e+00 0.000000000000000000e+00
0.000000000000000000e+00 0.000000000000000000e+00
0.000000000000000000e+00 0.000000000000000000e+00
0.000000000000000000e+00 0.000000000000000000e+00
0.000000000000000000e+00 0.000000000000000000e+00
0.000000000000000000e+00 0.000000000000000000e+00
0.000000000000000000e+00 0.000000000000000000e+00
0.000000000000000000e+00 0.000000000000000000e+00
0.000000000000000000e+00 0.000000000000000000e+00
0.000000000000000000e+00 0.000000000000000000e+00
0.000000000000000000e+00 0.000000000000000000e+00
0.000000000000000000e+00 0.000000000000000000e+00
0.000000000000000000e+00 0.000000000000000000e+00
0.000000000000000000e+00 0.000000000000000000e+00
0.000000000000000000e+00 0.000000000000000000e+00
0.000000000000000000e+00 0.000000000000000000e+00
0.000000000000000000e+00 0.000000000000000000e+00
0.000000000000000000e+00 0.000000000000000000e+00
0.000000000000000000e+00 0.000000000000000000e+00
0.000000000000000000e+00 0.000000000000000000e+00
0.000000000000000000e+00 0.000000000000000000e+00
0.000000000000000000e+00 0.000000000000000000e+00
0.000000000000000000e+00 0.000000000000000000e+00
0.000000000000000000e+00 0.000000000000000000e+00
0.000000000000000000e+00 0.000000000000000000e+00
0.000000000000000000e+00 0.000000000000000000e+00
0.000000000000000000e+00 0.000000000000000000e+00
0.000000000000000000e+00 0.000000000000000000e+00
0.000000000000000000e+00 0.000000000000000000e+00
0.000000000000000000e+00 0.000000000000000000e+00
0.000000000000000000e+00 0.000000000000000000e+00
0.000000000000000000e+00 0.000000000000000000e+00
0.000000000000000000e+00 0.000000000000000000e+00
0.000000000000000000e+00 0.000000000000000000e+00
0.000000000000000000e+00 0.000000000000000000e+00
0.000000000000000000e+00 0.000000000000000000e+00
0.000000000000000000e+00 0.000000000000000000e+00
0.000000000000000000e+00 0.000000000000000000e+00
0.000000000000000000e+00 0.000000000000000000e+00
0.000000000000000000e+00 0.000000000000000000e+00
0.000000000000000000e+00 0.000000000000000000e+00
0.000000000000000000e+00 0.000000000000000000e+00
0.000000000000000000e+00 0.000000000000000000e+00
0.000000000000000000e+00 0.000000000000000000e+00
0.000000000000000000e+00 0.000000000000000000e+00
0.000000000000000000e+00 0.000000000000000000e+00
0.000000000000000000e+00 0.000000000000000000e+00
0.000000000000000000e+00 0.000000000000000000e+00
0.000000000000000000e+00 0.000000000000000000e+00
0.000000000000000000e+00 0.000000000000000000e+00
0.000000000000000000e+00 0.000000000000000000e+00
0.000000000000000000e+00 0.000000000000000000e+00
0.000000000000000000e+00 0.000000000000000000e+00
0.000000000000000000e+00 0.000000000000000000e+00
0.000000000000000000e+00 0.000000000000000000e+00
0.000000000000000000e+00 0.000000000000000000e+00
0.000000000000000000e+00 0.000000000000000000e+00
0.000000000000000000e+00 0.000000000000000000e+00
0.000000000000000000e+00 0.000000000000000000e+00
0.000000000000000000e+00 0.000000000000000000e+00
0.000000000000000000e+00 0.000000000000000000e+00
0.000000000000000000e+00 0.000000000000000000e+00
0.000000000000000000e+00 0.000000000000000000e+00
0.000000000000000000e+00 0.000000000000000000e+00
0.000000000000000000e+00 0.000000000000000000e+00
0.000000000000000000e+00 0.000000000000000000e+00
0.000000000000000000e+00 0.000000000000000000e+00
0.000000000000000000e+00 0.000000000000000000e+00
0.000000000000000000e+00 0.000000000000000000e+00
0.000000000000000000e+00 0.000000000000000000e+00
0.000000000000000000e+00 0.000000000000000000e+00
0.000000000000000000e+00 0.000000000000000000e+00
0.000000000000000000e+00 0.000000000000000000e+00
0.000000000000000000e+00 0.000000000000000000e+00
0.000000000000000000e+00 0.000000000000000000e+00
0.000000000000000000e+00 0.000000000000000000e+00
0.000000000000000000e+00 0.000000000000000000e+00
0.000000000000000000e+00 0.000000000000000000e+00
0.000000000000000000e+00 0.000000000000000000e+00
0.000000000000000000e+00 0.000000000000000000e+00
0.000000000000000000e+00 0.000000000000000000e+00
0.000000000000000000e+00 0.000000000000000000e+00
0.000000000000000000e+00 0.000000000000000000e+00
0.000000000000000000e+00 0.000000000000000000e+00
0.000000000000000000e+00 0.000000000000000000e+00
0.000000000000000000e+00 0.000000000000000000e+00
0.000000000000000000e+00 0.000000000000000000e+00
0.000000000000000000e+00 0.000000000000000000e+00
0.000000000000000000e+00 0.000000000000000000e+00
0.000000000000000000e+00 0.000000000000000000e+00
0.000000000000000000e+00 0.000000000000000000e+00
0.000000000000000000e+00 0.000000000000000000e+00
0.000000000000000000e+00 0.000000000000000000e+00
0.000000000000000000e+00 0.000000000000000000e+00
0.000000000000000000e+00 0.000000000000000000e+00
0.000000000000000000e+00 0.000000000000000000e+00
0.000000000000000000e+00 0.000000000000000000e+00
0.000000000000000000e+00 0.000000000000000000e+00
0.000000000000000000e+00 0.000000000000000000e+00
0.000000000000000000e+00 0.000000000000000000e+00
0.000000000000000000e+00 0.000000000000000000e+00
0.000000000000000000e+00 0.000000000000000000e+00
0.000000000000000000e+00 0.000000000000000000e+00
0.000000000000000000e+00 0.000000000000000000e+00
0.000000000000000000e+00 0.000000000000000000e+00
0.000000000000000000e+00 0.000000000000000000e+00
0.000000000000000000e+00 0.000000000000000000e+00
0.000000000000000000e+00 0.000000000000000000e+00
0.000000000000000000e+00 0.000000000000000000e+00
0.000000000000000000e+00 0.000000000000000000e+00
0.000000000000000000e+00 0.000000000000000000e+00
0.000000000000000000e+00 0.000000000000000000e+00
0.000000000000000000e+00 0.000000000000000000e+00
0.000000000000000000e+00 0.000000000000000000e+00
0.000000000000000000e+00 0.000000000000000000e+00
0.000000000000000000e+00 0.000000000000000000e+00
0.000000000000000000e+00 0.000000000000000000e+00
0.000000000000000000e+00 0.000000000000000000e+00
0.000000000000000000e+00 0.000000000000000000e+00
0.000000000000000000e+00 0.000000000000000000e+00
0.000000000000000000e+00 0.000000000000000000e+00
0.000000000000000000e+00 0.000000000000000000e+00
0.000000000000000000e+00 0.000000000000000000e+00
0.000000000000000000e+00 0.000000000000000000e+00
0.000000000000000000e+00 0.000000000000000000e+00
0.000000000000000000e+00 0.000000000000000000e+00
0.000000000000000000e+00 0.000000000000000000e+00
0.000000000000000000e+00 0.000000000000000000e+00
0.000000000000000000e+00 0.000000000000000000e+00
0.000000000000000000e+00 0.000000000000000000e+00
0.000000000000000000e+00 0.000000000000000000e+00
0.000000000000000000e+00 0.000000000000000000e+00
0.000000000000000000e+00 0.000000000000000000e+00
0.000000000000000000e+00 0.000000000000000000e+00
0.000000000000000000e+00 0.000000000000000000e+00
0.000000000000000000e+00 0.000000000000000000e+00
0.000000000000000000e+00 0.000000000000000000e+00
0.000000000000000000e+00 0.000000000000000000e+00
0.000000000000000000e+00 0.000000000000000000e+00
0.000000000000000000e+00 0.000000000000000000e+00
0.000000000000000000e+00 0.000000000000000000e+00
0.000000000000000000e+00 0.000000000000000000e+00
0.000000000000000000e+00 0.000000000000000000e+00
0.000000000000000000e+00 0.000000000000000000e+00
0.000000000000000000e+00 0.000000000000000000e+00
0.000000000000000000e+00 0.000000000000000000e+00
0.000000000000000000e+00 0.000000000000000000e+00
0.000000000000000000e+00 0.000000000000000000e+00
0.000000000000000000e+00 0.000000000000000000e+00
0.000000000000000000e+00 0.000000000000000000e+00
0.000000000000000000e+00 0.000000000000000000e+00
0.000000000000000000e+00 0.000000000000000000e+00
0.000000000000000000e+00 0.000000000000000000e+00
0.000000000000000000e+00 0.000000000000000000e+00
0.000000000000000000e+00 0.000000000000000000e+00
0.000000000000000000e+00 0.000000000000000000e+00
0.000000000000000000e+00 0.000000000000000000e+00
0.000000000000000000e+00 0.000000000000000000e+00
0.000000000000000000e+00 0.000000000000000000e+00
0.000000000000000000e+00 0.000000000000000000e+00
0.000000000000000000e+00 0.000000000000000000e+00
0.000000000000000000e+00 0.000000000000000000e+00
0.000000000000000000e+00 0.000000000000000000e+00
0.000000000000000000e+00 0.000000000000000000e+00
0.000000000000000000e+00 0.000000000000000000e+00
0.000000000000000000e+00 0.000000000000000000e+00
0.000000000000000000e+00 0.000000000000000000e+00
0.000000000000000000e+00 0.000000000000000000e+00
0.000000000000000000e+00 0.000000000000000000e+00
0.000000000000000000e+00 0.000000000000000000e+00
0.000000000000000000e+00 0.000000000000000000e+00
0.000000000000000000e+00 0.000000000000000000e+00
0.000000000000000000e+00 0.000000000000000000e+00
0.000000000000000000e+00 0.000000000000000000e+00
0.000000000000000000e+00 0.000000000000000000e+00
0.000000000000000000e+00 0.000000000000000000e+00
0.000000000000000000e+00 0.000000000000000000e+00
0.000000000000000000e+00 0.000000000000000000e+00
0.000000000000000000e+00 0.000000000000000000e+00
0.000000000000000000e+00 0.000000000000000000e+00
0.000000000000000000e+00 0.000000000000000000e+00
0.000000000000000000e+00 0.000000000000000000e+00
0.000000000000000000e+00 0.000000000000000000e+00
0.000000000000000000e+00 0.000000000000000000e+00
0.000000000000000000e+00 0.000000000000000000e+00
0.000000000000000000e+00 0.000000000000000000e+00
0.000000000000000000e+00 0.000000000000000000e+00
0.000000000000000000e+00 0.000000000000000000e+00
0.000000000000000000e+00 0.000000000000000000e+00
0.000000000000000000e+00 0.000000000000000000e+00
0.000000000000000000e+00 0.000000000000000000e+00
0.000000000000000000e+00 0.000000000000000000e+00
0.000000000000000000e+00 0.000000000000000000e+00
0.000000000000000000e+00 0.000000000000000000e+00
0.000000000000000000e+00 0.000000000000000000e+00
0.000000000000000000e+00 0.000000000000000000e+00
0.000000000000000000e+00 0.000000000000000000e+00
0.000000000000000000e+00 0.000000000000000000e+00
0.000000000000000000e+00 0.000000000000000000e+00
0.000000000000000000e+00 0.000000000000000000e+00
0.000000000000000000e+00 0.000000000000000000e+00
0.000000000000000000e+00 0.000000000000000000e+00
0.000000000000000000e+00 0.000000000000000000e+00
0.000000000000000000e+00 0.000000000000000000e+00
0.000000000000000000e+00 0.000000000000000000e+00
0.000000000000000000e+00 0.000000000000000000e+00
0.000000000000000000e+00 0.000000000000000000e+00
0.000000000000000000e+00 0.000000000000000000e+00
0.000000000000000000e+00 0.000000000000000000e+00
0.000000000000000000e+00 0.000000000000000000e+00
0.000000000000000000e+00 0.000000000000000000e+00
0.000000000000000000e+00 0.000000000000000000e+00
0.000000000000000000e+00 0.000000000000000000e+00
0.000000000000000000e+00 0.000000000000000000e+00
0.000000000000000000e+00 0.000000000000000000e+00
0.000000000000000000e+00 0.000000000000000000e+00
0.000000000000000000e+00 0.000000000000000000e+00
0.000000000000000000e+00 0.000000000000000000e+00
0.000000000000000000e+00 0.000000000000000000e+00
0.000000000000000000e+00 0.000000000000000000e+00
0.000000000000000000e+00 0.000000000000000000e+00
0.000000000000000000e+00 0.000000000000000000e+00
0.000000000000000000e+00 0.000000000000000000e+00
0.000000000000000000e+00 0.000000000000000000e+00
0.000000000000000000e+00 0.000000000000000000e+00
0.000000000000000000e+00 0.000000000000000000e+00
0.000000000000000000e+00 0.000000000000000000e+00
0.000000000000000000e+00 0.000000000000000000e+00
0.000000000000000000e+00 0.000000000000000000e+00
0.000000000000000000e+00 0.000000000000000000e+00
0.000000000000000000e+00 0.000000000000000000e+00
0.000000000000000000e+00 0.000000000000000000e+00
0.000000000000000000e+00 0.000000000000000000e+00
0.000000000000000000e+00 0.000000000000000000e+00
0.000000000000000000e+00 0.000000000000000000e+00
0.000000000000000000e+00 0.000000000000000000e+00
0.000000000000000000e+00 0.000000000000000000e+00
0.000000000000000000e+00 0.000000000000000000e+00
0.000000000000000000e+00 0.000000000000000000e+00
0.000000000000000000e+00 0.000000000000000000e+00
0.000000000000000000e+00 0.000000000000000000e+00
0.000000000000000000e+00 0.000000000000000000e+00
0.000000000000000000e+00 0.000000000000000000e+00
0.000000000000000000e+00 0.000000000000000000e+00
0.000000000000000000e+00 0.000000000000000000e+00
0.000000000000000000e+00 0.000000000000000000e+00
0.000000000000000000e+00 0.000000000000000000e+00
0.000000000000000000e+00 0.000000000000000000e+00
0.000000000000000000e+00 0.000000000000000000e+00
0.000000000000000000e+00 0.000000000000000000e+00
0.000000000000000000e+00 0.000000000000000000e+00
0.000000000000000000e+00 0.000000000000000000e+00
0.000000000000000000e+00 0.000000000000000000e+00
0.000000000000000000e+00 0.000000000000000000e+00
0.000000000000000000e+00 0.000000000000000000e+00
0.000000000000000000e+00 0.000000000000000000e+00
0.000000000000000000e+00 0.000000000000000000e+00
0.000000000000000000e+00 0.000000000000000000e+00
0.000000000000000000e+00 0.000000000000000000e+00
0.000000000000000000e+00 0.000000000000000000e+00
0.000000000000000000e+00 0.000000000000000000e+00
0.000000000000000000e+00 0.000000000000000000e+00
0.000000000000000000e+00 0.000000000000000000e+00
0.000000000000000000e+00 0.000000000000000000e+00
0.000000000000000000e+00 0.000000000000000000e+00
0.000000000000000000e+00 0.000000000000000000e+00
0.000000000000000000e+00 0.000000000000000000e+00
0.000000000000000000e+00 0.000000000000000000e+00
0.000000000000000000e+00 0.000000000000000000e+00
0.000000000000000000e+00 0.000000000000000000e+00
0.000000000000000000e+00 0.000000000000000000e+00
0.000000000000000000e+00 0.000000000000000000e+00
0.000000000000000000e+00 0.000000000000000000e+00
0.000000000000000000e+00 0.000000000000000000e+00
0.000000000000000000e+00 0.000000000000000000e+00
0.000000000000000000e+00 0.000000000000000000e+00
0.000000000000000000e+00 0.000000000000000000e+00
0.000000000000000000e+00 0.000000000000000000e+00
0.000000000000000000e+00 0.000000000000000000e+00
0.000000000000000000e+00 0.000000000000000000e+00
0.000000000000000000e+00 0.000000000000000000e+00
0.000000000000000000e+00 0.000000000000000000e+00
0.000000000000000000e+00 0.000000000000000000e+00
0.000000000000000000e+00 0.000000000000000000e+00
0.000000000000000000e+00 0.000000000000000000e+00
0.000000000000000000e+00 0.000000000000000000e+00
0.000000000000000000e+00 0.000000000000000000e+00
0.000000000000000000e+00 0.000000000000000000e+00
0.000000000000000000e+00 0.000000000000000000e+00
0.000000000000000000e+00 0.000000000000000000e+00
0.000000000000000000e+00 0.000000000000000000e+00
0.000000000000000000e+00 0.000000000000000000e+00
0.000000000000000000e+00 0.000000000000000000e+00
0.000000000000000000e+00 0.000000000000000000e+00
0.000000000000000000e+00 0.000000000000000000e+00
0.000000000000000000e+00 0.000000000000000000e+00
0.000000000000000000e+00 0.000000000000000000e+00
0.000000000000000000e+00 0.000000000000000000e+00
0.000000000000000000e+00 0.000000000000000000e+00
0.000000000000000000e+00 0.000000000000000000e+00
0.000000000000000000e+00 0.000000000000000000e+00
0.000000000000000000e+00 0.000000000000000000e+00
0.000000000000000000e+00 0.000000000000000000e+00
0.000000000000000000e+00 0.000000000000000000e+00
0.000000000000000000e+00 0.000000000000000000e+00
0.000000000000000000e+00 0.000000000000000000e+00
0.000000000000000000e+00 0.000000000000000000e+00
0.000000000000000000e+00 0.000000000000000000e+00
0.000000000000000000e+00 0.000000000000000000e+00
0.000000000000000000e+00 0.000000000000000000e+00
0.000000000000000000e+00 0.000000000000000000e+00
0.000000000000000000e+00 0.000000000000000000e+00
0.000000000000000000e+00 0.000000000000000000e+00
0.000000000000000000e+00 0.000000000000000000e+00
0.000000000000000000e+00 0.000000000000000000e+00
0.000000000000000000e+00 0.000000000000000000e+00
0.000000000000000000e+00 0.000000000000000000e+00
0.000000000000000000e+00 0.000000000000000000e+00
0.000000000000000000e+00 0.000000000000000000e+00
0.000000000000000000e+00 0.000000000000000000e+00
0.000000000000000000e+00 0.000000000000000000e+00
0.000000000000000000e+00 0.000000000000000000e+00
0.000000000000000000e+00 0.000000000000000000e+00
0.000000000000000000e+00 0.000000000000000000e+00
0.000000000000000000e+00 0.000000000000000000e+00
0.000000000000000000e+00 0.000000000000000000e+00
0.000000000000000000e+00 0.000000000000000000e+00
0.000000000000000000e+00 0.000000000000000000e+00
0.000000000000000000e+00 0.000000000000000000e+00
0.000000000000000000e+00 0.000000000000000000e+00
0.000000000000000000e+00 0.000000000000000000e+00
0.000000000000000000e+00 0.000000000000000000e+00
0.000000000000000000e+00 0.000000000000000000e+00
0.000000000000000000e+00 0.000000000000000000e+00
0.000000000000000000e+00 0.000000000000000000e+00
0.000000000000000000e+00 0.000000000000000000e+00
0.000000000000000000e+00 0.000000000000000000e+00
0.000000000000000000e+00 0.000000000000000000e+00
0.000000000000000000e+00 0.000000000000000000e+00
0.000000000000000000e+00 0.000000000000000000e+00
0.000000000000000000e+00 0.000000000000000000e+00
0.000000000000000000e+00 0.000000000000000000e+00
0.000000000000000000e+00 0.000000000000000000e+00
0.000000000000000000e+00 0.000000000000000000e+00
0.000000000000000000e+00 0.000000000000000000e+00
0.000000000000000000e+00 0.000000000000000000e+00
0.000000000000000000e+00 0.000000000000000000e+00
0.000000000000000000e+00 0.000000000000000000e+00
0.000000000000000000e+00 0.000000000000000000e+00
0.000000000000000000e+00 0.000000000000000000e+00
0.000000000000000000e+00 0.000000000000000000e+00
0.000000000000000000e+00 0.000000000000000000e+00
0.000000000000000000e+00 0.000000000000000000e+00
